name,head_chest,chest_hip,heel-ham,elbow-shoulder,shoulder-tiptoe,ham,heel,shoulder,elbow,tiptoe,evaluation
20181206_General_008_DOC_P_F20_MM_010_0911.jpg,0.5412844036697247,1.0793650793650793,56,49,-79,305,361,126,175,205,best
20181206_General_008_DOC_P_F20_MM_011_0564.jpg,0.8783783783783784,0.9807692307692308,12,42,-34,320,332,138,180,172,best
20181206_General_008_DOC_P_F20_MM_011_0566.jpg,0.7586206896551724,0.8595744680851064,3,33,-43,310,313,105,138,148,best
20181206_General_008_DOC_P_F20_MM_011_0567.jpg,0.8522727272727273,0.8376068376068376,10,35,-45,305,315,99,134,144,best
20181206_General_008_DOC_P_F20_MM_011_0569.jpg,0.7142857142857143,0.8935185185185185,1,19,-35,313,314,115,134,150,best
20181206_General_008_DOC_P_F20_MM_011_0570.jpg,0.7608695652173914,0.957345971563981,3,20,-32,313,316,123,143,155,best
20181206_General_008_DOC_P_F20_MM_011_0571.jpg,0.7282608695652174,0.962085308056872,6,23,-33,313,319,127,150,160,best
20181206_General_008_DOC_P_F20_MM_011_0572.jpg,0.6767676767676768,0.9569377990430622,7,27,-36,313,320,121,148,157,best
20181206_General_008_DOC_P_F20_MM_011_0583.jpg,0.6597938144329897,0.95260663507109,11,45,-40,318,329,128,173,168,best
20181206_General_008_DOC_P_F20_MM_011_0584.jpg,0.6161616161616161,0.9345794392523364,18,45,-36,313,331,131,176,167,best
20181206_General_008_DOC_P_F20_MM_011_0595.jpg,0.5670103092783505,0.976303317535545,18,41,-38,313,331,132,173,170,best
20181206_General_008_DOC_P_F20_MM_011_0624.jpg,0.6082474226804123,0.9074074074074074,17,43,-39,313,330,129,172,168,best
20181206_General_008_DOC_P_F20_MM_011_0625.jpg,0.5773195876288659,0.9166666666666666,18,41,-45,313,331,126,167,171,best
20181206_General_008_DOC_P_F20_MM_011_0738.jpg,0.5425531914893617,1.1530054644808745,-22,52,17,219,197,67,119,50,best
20181206_General_008_DOC_P_F20_MM_011_0757.jpg,0.6043956043956044,1.1147540983606556,-15,49,10,215,200,66,115,56,best
20181206_General_008_DOC_P_F20_MM_011_0772.jpg,0.6091954022988506,1.1629213483146068,-17,29,23,191,174,43,72,20,best
20181206_General_008_DOC_P_F20_MM_011_0954.jpg,0.5217391304347826,1.015,33,20,-72,257,290,66,86,138,best
20181206_General_008_DOC_P_F20_MM_011_0955.jpg,0.5052631578947369,0.9705882352941176,44,20,-85,280,324,82,102,167,best
20181206_General_008_DOC_P_F20_MM_011_1052.jpg,0.5154639175257731,0.9195979899497488,46,27,-60,270,316,94,121,154,best
20181206_General_008_DOC_P_F20_MM_011_1214.jpg,0.5,1.637037037037037,50,7,-56,309,359,149,156,205,best
20181206_General_008_DOC_P_F20_MM_011_1215.jpg,0.4705882352941176,1.422077922077922,43,15,-55,315,358,149,164,204,best
20181206_General_008_DOC_P_F20_MM_011_1216.jpg,0.4554455445544554,1.313253012048193,42,14,-56,315,357,152,166,208,best
20181206_General_008_DOC_P_F20_MM_011_1217.jpg,0.4660194174757281,1.263157894736842,38,13,-53,319,357,155,168,208,best
20181206_General_008_DOC_P_F20_MM_011_1218.jpg,0.4678899082568807,1.2114285714285715,38,13,-53,319,357,155,168,208,best
20181206_General_008_DOC_P_F20_MM_011_1229.jpg,0.5504587155963303,1.1111111111111112,36,11,-47,323,359,156,167,203,best
20181206_General_008_DOC_P_F20_MM_011_1238.jpg,0.5102040816326531,1.057591623036649,35,7,-60,323,358,149,156,209,best
20181206_General_008_DOC_P_F20_MM_011_1240.jpg,0.5,1.068421052631579,36,8,-58,323,359,151,159,209,best
20181206_General_008_DOC_P_F20_MM_011_1250.jpg,0.5,1.041237113402062,33,13,-62,327,360,145,158,207,best
20181206_General_008_DOC_P_F20_MM_011_1449.jpg,0.9154929577464788,1.1845238095238095,76,-47,-114,284,360,141,94,255,best
20181206_General_008_DOC_P_F20_MM_011_1450.jpg,0.8918918918918919,1.1647058823529413,75,-50,-118,286,361,137,87,255,best
20181206_General_008_DOC_P_F20_MM_011_1574.jpg,0.6883116883116883,0.9230769230769232,45,39,-75,313,358,111,150,186,best
20181206_General_008_DOC_P_F20_MM_011_1663.jpg,0.5684210526315789,1.0046728971962615,38,27,-75,309,347,117,144,192,best
20181206_General_008_DOC_P_F20_MM_011_1833.jpg,0.6862745098039216,0.8380952380952381,24,16,-41,294,318,122,138,163,best
20181206_General_008_DOC_P_F20_MM_011_1950.jpg,0.8461538461538461,0.994535519125683,36,-36,-52,304,340,140,104,192,best
20181206_General_008_DOC_P_F20_MM_011_2021.jpg,1.0625,0.9685863874345548,44,6,-94,314,358,135,141,229,best
20181206_General_008_DOC_P_F20_MM_012_0096.jpg,0.6979166666666666,1.0335195530726258,62,40,-75,298,360,130,170,205,best
20181206_General_008_DOC_P_F20_MM_012_0101.jpg,0.6914893617021277,1.2384105960264902,63,23,-56,297,360,155,178,211,best
20181206_General_008_DOC_P_F20_MM_012_0114.jpg,0.7976190476190477,1.230263157894737,48,5,-80,313,361,166,171,246,best
20181206_General_008_DOC_P_F20_MM_012_0122.jpg,0.7954545454545454,1.2516556291390728,53,8,-58,307,360,158,166,216,best
20181206_General_008_DOC_P_F20_MM_012_0139.jpg,0.8902439024390244,1.1455696202531649,50,8,-71,310,360,163,171,234,best
20181206_General_008_DOC_P_F20_MM_012_0698.jpg,0.492063492063492,1.1638418079096045,37,24,-59,320,357,139,163,198,best
20181206_General_008_DOC_P_F20_MM_012_0713.jpg,0.4793388429752066,1.1032608695652173,39,22,-64,319,358,138,160,202,best
20181206_General_008_DOC_P_F20_MM_012_0756.jpg,0.5210084033613446,1.0806451612903225,38,25,-68,322,360,139,164,207,best
20181206_General_008_DOC_P_F20_MM_012_0760.jpg,0.5555555555555556,1.1404494382022472,42,24,-66,316,358,139,163,205,best
20181206_General_008_DOC_P_F20_MM_012_0761.jpg,0.5614035087719298,1.092896174863388,40,39,-66,319,359,138,177,204,best
20181206_General_008_DOC_P_F20_MM_012_0762.jpg,0.5470085470085471,1.0869565217391304,40,35,-67,319,359,137,172,204,best
20181206_General_008_DOC_P_F20_MM_012_0763.jpg,0.5470085470085471,1.0869565217391304,40,33,-69,319,359,136,169,205,best
20181206_General_008_DOC_P_F20_MM_012_0913.jpg,2.6451612903225805,-1.831683168316832,-148,-112,222,163,15,344,232,122,best
20181206_General_008_DOC_P_F20_MM_012_0914.jpg,0.845360824742268,1.7297297297297298,82,26,-34,277,359,169,195,203,best
20181206_General_008_DOC_P_F20_MM_012_0923.jpg,0.5078125,1.1366459627329193,51,-11,13,307,358,176,165,163,best
20181206_General_008_DOC_P_F20_MM_012_0924.jpg,0.6470588235294118,1.0355029585798816,55,5,-35,304,359,166,171,201,best
20181206_General_008_DOC_P_F20_MM_012_0937.jpg,0.61,1.0289017341040465,62,16,-34,297,359,163,179,197,best
20181206_General_008_DOC_P_F20_MM_012_0955.jpg,0.5794392523364486,1.046242774566474,47,7,-3,297,344,182,189,185,best
20181206_General_008_DOC_P_F20_MM_013_0417.jpg,0.7326732673267327,1.1796407185628743,53,31,-55,307,360,155,186,210,best
20181206_General_008_DOC_P_F20_MM_013_0422.jpg,0.6565656565656566,1.152941176470588,51,39,-50,309,360,165,204,215,best
20181206_General_008_DOC_P_F20_MM_013_0429.jpg,0.59,1.1607142857142858,46,46,-54,314,360,172,218,226,best
20181206_General_008_DOC_P_F20_MM_013_0435.jpg,0.5686274509803921,1.1428571428571428,46,38,-55,314,360,173,211,228,best
20181206_General_008_DOC_P_F20_MM_013_0436.jpg,0.5384615384615384,1.136904761904762,45,44,-53,316,361,176,220,229,best
20181206_General_008_DOC_P_F20_MM_013_0437.jpg,0.5841584158415841,1.1046511627906976,45,33,-50,316,361,163,196,213,best
20181206_General_008_DOC_P_F20_MM_013_0438.jpg,0.5333333333333333,1.1162790697674418,44,41,-54,317,361,164,205,218,best
20181206_General_008_DOC_P_F20_MM_013_0492.jpg,0.5238095238095238,1.08,44,23,-56,316,360,160,183,216,best
20181206_General_008_DOC_P_F20_MM_013_0495.jpg,0.5631067961165048,1.1264367816091954,50,9,-53,310,360,161,170,214,best
20181206_General_008_DOC_P_F20_MM_013_0496.jpg,0.5757575757575758,1.0824175824175823,54,-3,-52,306,360,155,152,207,best
20181206_General_008_DOC_P_F20_MM_013_0497.jpg,0.5714285714285714,1.0374331550802138,56,3,-57,304,360,146,149,203,best
20181206_General_008_DOC_P_F20_MM_013_0642.jpg,0.7011494252873564,0.9408866995073892,52,35,-66,309,361,129,164,195,best
20181206_General_008_DOC_P_F20_MM_013_0699.jpg,0.6451612903225806,0.8744186046511628,45,41,-75,315,360,126,167,201,best
20181206_General_008_DOC_P_F20_MM_013_0710.jpg,0.6853932584269663,0.8451327433628318,46,40,-77,314,360,119,159,196,best
20181206_General_008_DOC_P_F20_MM_013_0711.jpg,0.6483516483516484,0.8571428571428571,44,41,-76,314,358,126,167,202,best
20181206_General_008_DOC_P_F20_MM_013_0712.jpg,0.5934065934065934,0.8783783783783784,43,35,-77,311,354,120,155,197,best
20181206_General_008_DOC_P_F20_MM_013_0713.jpg,0.5869565217391305,0.8681818181818182,47,39,-82,309,356,117,156,199,best
20181206_General_008_DOC_P_F20_MM_014_0744.jpg,0.6,0.9603960396039604,27,29,-44,320,347,146,175,190,best
20181206_General_008_DOC_P_F20_MM_014_0769.jpg,0.5353535353535354,0.949748743718593,26,24,-43,321,347,153,177,196,best
20181206_General_008_DOC_P_F20_MM_014_0964.jpg,0.4907407407407407,0.9747474747474748,34,30,-88,317,351,126,156,214,best
20181206_General_008_DOC_P_F20_MM_014_0968.jpg,0.4907407407407407,0.9748743718592964,36,31,-88,316,352,125,156,213,best
20181206_General_008_DOC_P_F20_MM_014_1139.jpg,0.6464646464646465,1.5859375,79,34,-56,280,359,164,198,220,best
20181206_General_008_DOC_P_F20_MM_014_1277.jpg,0.2012578616352201,-19.0,75,35,135,283,358,295,330,160,best
20181206_General_008_DOC_P_F20_MM_014_3275.jpg,0.6129032258064516,0.957345971563981,38,-11,-33,309,347,131,120,164,best
20181206_General_008_DOC_P_F20_MM_015_0463.jpg,1.148148148148148,2.01980198019802,27,24,-35,333,360,237,261,272,best
20181206_General_008_DOC_P_F20_MM_015_0499.jpg,0.6875,1.6742424242424243,36,27,-43,324,360,198,225,241,best
20181206_General_008_DOC_P_F20_MM_015_0500.jpg,0.5849056603773585,1.5033557046979866,39,28,-54,322,361,181,209,235,best
20181206_General_008_DOC_P_F20_MM_015_0957.jpg,0.0823529411764705,5.631578947368421,-14,-32,43,111,97,77,45,34,best
20181206_General_008_DOS_P_F20_MM_001_0102.jpg,0.2,0.7161016949152542,-1,-4,-57,306,305,73,69,130,best
20181206_General_008_DOS_P_F20_MM_001_0135.jpg,0.0641025641025641,0.777292576419214,8,9,-49,315,323,103,112,152,best
20181206_General_008_DOS_P_F20_MM_001_0136.jpg,0.0919540229885057,0.7905982905982906,23,21,-65,312,335,102,123,167,best
20181206_General_008_DOS_P_F20_MM_001_0137.jpg,0.2921348314606741,0.7903930131004366,19,9,-70,313,332,101,110,171,best
20181206_General_008_DOS_P_F20_MM_001_0323.jpg,0.6728971962616822,1.1104294478527608,42,-11,-41,320,362,187,176,228,best
20181206_General_008_DOS_P_F20_MM_001_0324.jpg,0.5982142857142857,1.1847133757961783,35,-33,-26,326,361,197,164,223,best
20181206_General_008_DOS_P_F20_MM_001_0325.jpg,0.6181818181818182,1.15527950310559,38,-50,-29,324,362,191,141,220,best
20181206_General_008_DOS_P_F20_MM_001_0326.jpg,0.6285714285714286,1.169811320754717,41,-53,-33,319,360,186,133,219,best
20181206_General_008_DOS_P_F20_MM_001_0327.jpg,0.6666666666666666,1.2129032258064516,42,-47,-40,319,361,189,142,229,best
20181206_General_008_DOS_P_F20_MM_001_0328.jpg,0.6630434782608695,1.2352941176470589,46,-52,-42,315,361,187,135,229,best
20181206_General_008_DOS_P_F20_MM_001_0490.jpg,0.8352941176470589,1.5040650406504066,69,-20,-84,292,361,167,147,251,best
20181206_General_008_DOS_P_F20_MM_001_0517.jpg,0.8026315789473685,1.464,75,-23,-87,285,360,166,143,253,best
20181206_General_008_DOS_P_F20_MM_001_1796.jpg,0.425531914893617,1.035532994923858,79,36,-122,281,360,95,131,217,best
20181206_General_008_DOS_P_F20_MM_001_1797.jpg,0.4456521739130434,0.985645933014354,71,40,-123,271,342,71,111,194,best
20181206_General_008_DOS_P_F20_MM_001_1903.jpg,0.7075471698113207,0.8697916666666666,-26,29,-17,295,269,115,144,132,best
20181206_General_008_DOS_P_F20_MM_001_1961.jpg,0.6274509803921569,0.9315789473684212,-10,16,-15,280,270,102,118,117,best
20181206_General_008_DOS_P_F20_MM_001_1962.jpg,0.64,0.9086294416243654,-9,17,-18,288,279,103,120,121,best
20181206_General_008_DOS_P_F20_MM_001_1963.jpg,0.6597938144329897,0.9322916666666666,-1,23,-27,272,271,99,122,126,best
20181206_General_008_DOS_P_F20_MM_001_1964.jpg,0.6391752577319587,0.9489795918367347,2,27,-36,276,278,101,128,137,best
20181206_General_008_DOS_P_F20_MM_001_1965.jpg,0.6039603960396039,0.9387755102040816,-3,27,-35,277,274,102,129,137,best
20181206_General_008_DOS_P_F20_MM_001_1966.jpg,0.6039603960396039,0.9390862944162436,-1,26,-38,279,278,101,127,139,best
20181206_General_008_DOS_P_F20_MM_001_1967.jpg,0.594059405940594,0.96875,-1,24,-39,276,275,102,126,141,best
20181206_General_008_DOS_P_F20_MM_001_1968.jpg,0.5882352941176471,0.9489795918367347,1,24,-42,284,285,104,128,146,best
20181206_General_008_DOS_P_F20_MM_001_1969.jpg,0.5825242718446602,0.9689119170984456,0,23,-41,281,281,103,126,144,best
20181206_General_008_DOS_P_F20_MM_001_2774.jpg,0.5858585858585859,0.9107981220657276,43,21,-73,314,357,120,141,193,best
20181206_General_008_DOS_P_F20_MM_001_2785.jpg,0.5673076923076923,1.005181347150259,50,16,-66,311,361,138,154,204,best
20181206_General_008_DOS_P_F20_MM_001_2820.jpg,0.5283018867924528,1.0425531914893618,67,20,-66,294,361,131,151,197,best
20181206_General_008_DOS_P_F20_MM_001_2821.jpg,0.5588235294117647,1.015625,64,25,-76,296,360,125,150,201,best
20181206_General_008_DOS_P_F20_MM_001_2822.jpg,0.5333333333333333,1.0315789473684212,61,20,-72,299,360,129,149,201,best
20181206_General_008_DOS_P_F20_MM_001_2823.jpg,0.5,1.0205128205128204,59,20,-69,301,360,128,148,197,best
20181206_General_008_DOS_P_F20_MM_001_2824.jpg,0.5046728971962616,1.0051546391752575,62,24,-77,298,360,122,146,199,best
20181206_General_008_DOS_P_F20_MM_001_2825.jpg,0.5098039215686274,0.9948453608247424,62,21,-73,298,360,124,145,197,best
20181206_General_008_DOS_P_F20_MM_001_2826.jpg,0.5145631067961165,0.96,58,19,-72,302,360,123,142,195,best
20181206_General_008_DOS_P_F20_MM_001_2827.jpg,0.5047619047619047,0.96,56,17,-73,305,361,124,141,197,best
20181206_General_008_DOS_P_F20_MM_001_2828.jpg,0.5544554455445545,0.9692307692307692,57,17,-73,303,360,123,140,196,best
20181206_General_008_DOS_P_F20_MM_001_2838.jpg,0.5714285714285714,0.965,61,13,-72,300,361,121,134,193,best
20181206_General_008_DOS_P_F20_MM_001_2839.jpg,0.5656565656565656,0.984924623115578,64,12,-74,295,359,117,129,191,best
20181206_General_008_DOS_P_F20_MM_001_3109.jpg,0.6477272727272727,1.1272727272727272,-14,15,11,220,206,85,100,74,best
20181206_General_008_DOS_P_F20_MM_001_3171.jpg,0.574468085106383,1.005181347150259,-29,17,3,242,213,78,95,75,best
20181206_General_008_DOS_P_F20_MM_001_3295.jpg,0.7894736842105263,1.0418848167539267,-3,24,-27,238,235,78,102,105,best
20181206_General_008_DOS_P_F20_MM_001_3372.jpg,0.6705882352941176,0.9701492537313432,4,48,-44,237,241,75,123,119,best
20181206_General_008_DOS_P_F20_MM_002_0129.jpg,0.5567010309278351,1.0444444444444445,47,35,-93,311,358,133,168,226,best
20181206_General_008_DOS_P_F20_MM_002_0130.jpg,0.5454545454545454,0.968421052631579,46,31,-94,312,358,129,160,223,best
20181206_General_008_DOS_P_F20_MM_002_0131.jpg,0.6185567010309279,0.8984771573604061,46,27,-90,312,358,131,158,221,best
20181206_General_008_DOS_P_F20_MM_002_0132.jpg,0.6391752577319587,0.885,43,26,-89,315,358,132,158,221,best
20181206_General_008_DOS_P_F20_MM_002_0612.jpg,0.6565656565656566,1.0777777777777775,8,-13,-1,318,326,171,158,172,best
20181206_General_008_DOS_P_F20_MM_002_0613.jpg,0.6666666666666666,1.0777777777777775,12,-22,-32,321,333,171,149,203,best
20181206_General_008_DOS_P_F20_MM_002_0674.jpg,0.6262626262626263,1.0898876404494382,28,-25,-43,319,347,181,156,224,best
20181206_General_008_DOS_P_F20_MM_002_0675.jpg,0.6082474226804123,1.0898876404494382,33,-27,-33,317,350,181,154,214,best
20181206_General_008_DOS_P_F20_MM_002_0676.jpg,0.6082474226804123,1.095505617977528,35,-37,-51,320,355,176,139,227,best
20181206_General_008_DOS_P_F20_MM_002_1081.jpg,0.5,0.9312169312169312,5,9,-10,305,310,156,165,166,best
20181206_General_008_DOS_P_F20_MM_004_0566.jpg,0.5272727272727272,1.0210526315789474,-9,16,-4,303,294,127,143,131,best
20181206_General_008_DOS_P_F20_MM_004_0572.jpg,0.5858585858585859,1.0494505494505495,5,21,-13,292,297,117,138,130,best
20181206_General_008_DOS_P_F20_MM_004_0621.jpg,0.6,1.022222222222222,15,10,-21,266,281,103,113,124,best
20181206_General_008_DOS_P_F20_MM_004_0622.jpg,0.5858585858585859,0.9435897435897436,18,10,-27,260,278,82,92,109,best
20181206_General_008_DOS_P_F20_MM_004_0623.jpg,0.5742574257425742,0.9735449735449736,19,13,-27,250,269,78,91,105,best
20181206_General_008_DOS_P_F20_MM_004_0761.jpg,0.5,0.9495412844036696,35,14,-62,319,354,115,129,177,best
20181206_General_008_DOS_P_F20_MM_004_0801.jpg,0.5875,0.9066666666666666,41,38,-77,320,361,113,151,190,best
20181206_General_008_DOS_P_F20_MM_004_0802.jpg,0.7647058823529411,0.8198198198198198,37,-7,-66,317,354,118,111,184,best
20181206_General_008_DOS_P_F20_MM_004_0896.jpg,0.6382978723404256,1.0578947368421052,-14,12,-8,281,267,102,114,110,best
20181206_General_008_DOS_P_F20_MM_006_0214.jpg,0.4285714285714285,0.9198113207547168,44,57,-124,316,360,93,150,217,best
20191206_General_004_DOS_P_F20_MM_003_0554.jpg,0.6330275229357798,0.9074074074074074,29,43,-89,320,349,106,149,195,best
20200615_General_005_DOS_P_F20_MM_003_0206.jpg,0.3861386138613861,1.0643564356435644,27,41,-58,308,335,135,176,193,best
20200615_General_005_DOS_P_F20_MM_003_0207.jpg,0.4059405940594059,1.0151515151515151,22,36,-48,307,329,145,181,193,best
20200615_General_005_DOS_P_F20_MM_003_0208.jpg,0.3786407766990291,0.9950248756218906,22,33,-49,306,328,143,176,192,best
20200615_General_005_DOS_P_F20_MM_003_0209.jpg,0.3653846153846153,0.941747572815534,20,31,-47,303,323,136,167,183,best
20200615_General_005_DOS_P_F20_MM_003_0210.jpg,0.38,0.9516908212560388,20,32,-49,303,323,134,166,183,best
20200615_General_005_DOS_P_F20_MM_003_0211.jpg,0.3663366336633663,0.9563106796116504,21,28,-47,303,324,136,164,183,best
20200615_General_005_DOS_P_F20_MM_003_0212.jpg,0.3877551020408163,0.9466019417475728,19,31,-52,303,322,132,163,184,best
20200615_General_005_DOS_P_F20_MM_003_0213.jpg,0.3861386138613861,1.005050505050505,24,32,-53,305,329,134,166,187,best
20200615_General_005_DOS_P_F20_MM_003_0214.jpg,0.392156862745098,0.995,26,31,-52,307,333,137,168,189,best
20200615_General_005_DOS_P_F20_MM_003_0215.jpg,0.3564356435643564,1.005,26,35,-56,303,329,133,168,189,best
20200615_General_005_DOS_P_F20_MM_003_0216.jpg,0.38,0.9850746268656716,23,33,-53,303,326,134,167,187,best
20200615_General_005_DOS_P_F20_MM_003_0217.jpg,0.3673469387755102,0.9851485148514852,26,32,-52,306,332,137,169,189,best
20200615_General_005_DOS_P_F20_MM_003_0218.jpg,0.3762376237623762,0.985,27,32,-52,303,330,136,168,188,best
20200615_General_005_DOS_P_F20_MM_003_0219.jpg,0.38,0.9752475247524752,28,36,-56,308,336,134,170,190,best
20200615_General_005_DOS_P_F20_MM_003_0220.jpg,0.3725490196078431,1.0,28,31,-50,306,334,137,168,187,best
20200615_General_005_DOS_P_F20_MM_003_0221.jpg,0.4117647058823529,0.9850746268656716,28,29,-47,306,334,139,168,186,best
20200615_General_005_DOS_P_F20_MM_003_0222.jpg,0.4081632653061224,0.9609756097560976,28,36,-55,306,334,131,167,186,best
20200615_General_005_DOS_P_F20_MM_003_0223.jpg,0.4242424242424242,0.9900497512437813,28,37,-60,306,334,126,163,186,best
20200615_General_005_DOS_P_F20_MM_003_0224.jpg,0.4329896907216495,0.995049504950495,32,35,-60,305,337,127,162,187,best
20200615_General_005_DOS_P_F20_MM_003_0225.jpg,0.4329896907216495,0.975609756097561,31,37,-62,308,339,127,164,189,best
20200615_General_005_DOS_P_F20_MM_003_0226.jpg,0.4421052631578947,0.9569377990430622,31,42,-66,306,337,122,164,188,best
20200615_General_005_DOS_P_F20_MM_003_0227.jpg,0.4285714285714285,0.9852216748768472,33,40,-65,306,339,126,166,191,best
20200615_General_005_DOS_P_F20_MM_003_0228.jpg,0.4285714285714285,0.9950738916256158,33,40,-64,306,339,127,167,191,best
20200615_General_005_DOS_P_F20_MM_003_0229.jpg,0.4158415841584158,1.005,30,41,-65,309,339,126,167,191,best
20200615_General_005_DOS_P_F20_MM_003_0230.jpg,0.4356435643564356,0.9753694581280788,30,39,-63,306,336,125,164,188,best
20200615_General_005_DOS_P_F20_MM_003_0231.jpg,0.4356435643564356,0.9753694581280788,26,41,-62,306,332,122,163,184,best
20200615_General_005_DOS_P_F20_MM_003_0232.jpg,0.4299065420560747,1.0208333333333333,23,37,-35,301,324,144,181,179,best
20200615_General_005_DOS_P_F20_MM_003_0233.jpg,0.3963963963963964,1.0481283422459893,20,35,-20,304,324,159,194,179,best
20200615_General_005_DOS_P_F20_MM_003_0234.jpg,0.411214953271028,1.0208333333333333,21,34,-25,301,322,153,187,178,best
20200615_General_005_DOS_P_F20_MM_003_0235.jpg,0.4,1.0051020408163265,20,34,-27,301,321,150,184,177,best
20200615_General_005_DOS_P_F20_MM_003_0236.jpg,0.4,1.0051020408163265,21,31,-27,301,322,151,182,178,best
20200615_General_005_DOS_P_F20_MM_003_0237.jpg,0.419047619047619,1.0051020408163265,21,33,-28,301,322,149,182,177,best
20200615_General_005_DOS_P_F20_MM_003_0238.jpg,0.4150943396226415,1.005128205128205,22,35,-25,300,322,150,185,175,best
20200615_General_005_DOS_P_F20_MM_003_0239.jpg,0.3888888888888889,1.0364583333333333,24,34,-25,300,324,150,184,175,best
20200615_General_005_DOS_P_F20_MM_003_0240.jpg,0.419047619047619,1.0205128205128204,21,34,-24,303,324,151,185,175,best
20200615_General_005_DOS_P_F20_MM_003_0241.jpg,0.3853211009174312,1.0362694300518134,22,32,-22,302,324,151,183,173,best
20200615_General_005_DOS_P_F20_MM_003_0242.jpg,0.3925233644859813,1.046875,22,30,-18,302,324,154,184,172,best
20200615_General_005_DOS_P_F20_MM_003_0243.jpg,0.3783783783783784,1.0585106382978724,23,27,-10,301,324,161,188,171,best
20200615_General_005_DOS_P_F20_MM_003_0244.jpg,0.3571428571428571,1.0634920634920637,24,26,-12,304,328,161,187,173,best
20200615_General_005_DOS_P_F20_MM_003_0245.jpg,0.375,1.0819672131147542,21,29,-6,304,325,166,195,172,best
20200615_General_005_DOS_P_F20_MM_003_0246.jpg,0.3571428571428571,1.092896174863388,21,31,-11,304,325,163,194,174,best
20200615_General_005_DOS_P_F20_MM_003_0247.jpg,0.3571428571428571,1.098360655737705,21,29,-11,304,325,163,192,174,best
20200615_General_005_DOS_P_F20_MM_003_0248.jpg,0.3853211009174312,1.0698924731182795,21,29,-13,304,325,162,191,175,best
20200615_General_005_DOS_P_F20_MM_003_0249.jpg,0.4,1.0698924731182795,21,29,-14,304,325,161,190,175,best
20200615_General_005_DOS_P_F20_MM_003_0250.jpg,0.3888888888888889,1.092896174863388,18,26,-11,307,325,164,190,175,best
20200615_General_005_DOS_P_F20_MM_003_0251.jpg,0.4074074074074074,1.092896174863388,18,26,-13,307,325,164,190,177,best
20200615_General_005_DOS_P_F20_MM_003_0253.jpg,0.3888888888888889,1.1038251366120218,19,23,-15,307,326,164,187,179,best
20200615_General_005_DOS_P_F20_MM_003_0254.jpg,0.419047619047619,1.0806451612903225,19,26,-21,307,326,159,185,180,best
20200615_General_005_DOS_P_F20_MM_003_0255.jpg,0.4380952380952381,1.0585106382978724,22,25,-22,304,326,159,184,181,best
20200615_General_005_DOS_P_F20_MM_003_0256.jpg,0.4509803921568627,1.036649214659686,22,28,-32,304,326,149,177,181,best
20200615_General_005_DOS_P_F20_MM_003_0257.jpg,0.419047619047619,1.0585106382978724,22,27,-26,304,326,157,184,183,best
20200615_General_005_DOS_P_F20_MM_003_0258.jpg,0.419047619047619,1.0585106382978724,22,24,-26,304,326,157,181,183,best
20200615_General_005_DOS_P_F20_MM_003_0259.jpg,0.4423076923076923,1.075268817204301,21,22,-26,305,326,158,180,184,best
20200615_General_005_DOS_P_F20_MM_003_0260.jpg,0.4646464646464646,1.01,22,38,-63,307,329,122,160,185,best
20200615_General_005_DOS_P_F20_MM_003_0261.jpg,0.5052631578947369,1.0,21,42,-69,308,329,118,160,187,best
20200615_General_005_DOS_P_F20_MM_003_0262.jpg,0.4509803921568627,1.0203045685279188,21,36,-48,307,328,136,172,184,best
20200615_General_005_DOS_P_F20_MM_003_0263.jpg,0.4693877551020408,1.0049751243781095,19,39,-59,308,327,126,165,185,best
20200615_General_005_DOS_P_F20_MM_003_0264.jpg,0.4791666666666667,0.9805825242718448,23,43,-67,307,330,118,161,185,best
20200615_General_005_DOS_P_F20_MM_003_0265.jpg,0.4731182795698925,0.9760765550239234,23,40,-67,307,330,116,156,183,best
20200615_General_005_DOS_P_F20_MM_003_0266.jpg,0.4516129032258064,0.985645933014354,23,38,-67,307,330,116,154,183,best
20200615_General_005_DOS_P_F20_MM_003_0267.jpg,0.4375,1.0,23,35,-66,307,330,117,152,183,best
20200615_General_005_DOS_P_F20_MM_003_0268.jpg,0.4615384615384615,0.976303317535545,22,41,-73,308,330,111,152,184,best
20200615_General_005_DOS_P_F20_MM_003_0269.jpg,0.4516129032258064,1.0248756218905473,21,42,-73,309,330,113,155,186,best
20200615_General_005_DOS_P_F20_MM_003_0270.jpg,0.4301075268817204,1.034825870646766,21,41,-72,309,330,114,155,186,best
20200615_General_005_DOS_P_F20_MM_003_0271.jpg,0.3703703703703703,1.1092896174863387,21,18,-34,309,330,152,170,186,best
20200615_General_005_DOS_P_F20_MM_003_0272.jpg,0.4038461538461538,1.0797872340425532,21,29,-45,309,330,142,171,187,best
20200615_General_005_DOS_P_F20_MM_003_0273.jpg,0.3883495145631068,1.0913978494623655,21,28,-42,309,330,146,174,188,best
20200615_General_005_DOS_P_F20_MM_003_0274.jpg,0.42,1.0572916666666667,24,39,-58,306,330,129,168,187,best
20200615_General_005_DOS_P_F20_MM_003_0275.jpg,0.4329896907216495,1.0572916666666667,23,36,-60,306,329,127,163,187,best
20200615_General_005_DOS_P_F20_MM_003_0276.jpg,0.4077669902912621,1.086021505376344,23,30,-48,306,329,139,169,187,best
20200615_General_005_DOS_P_F20_MM_003_0277.jpg,0.3962264150943396,1.092896174863388,21,19,-32,309,330,155,174,187,best
20200615_General_005_DOS_P_F20_MM_003_0278.jpg,0.4536082474226804,1.0520833333333333,23,37,-53,306,329,132,169,185,best
20200615_General_005_DOS_P_F20_MM_003_0279.jpg,0.4271844660194174,1.086021505376344,23,29,-43,306,329,142,171,185,best
20200615_General_005_DOS_P_F20_MM_003_0280.jpg,0.4693877551020408,1.041237113402062,23,38,-55,309,332,131,169,186,best
20200615_General_005_DOS_P_F20_MM_003_0281.jpg,0.4693877551020408,1.041237113402062,23,40,-57,309,332,129,169,186,best
20200615_General_005_DOS_P_F20_MM_003_0282.jpg,0.4842105263157895,1.0253807106598984,22,36,-57,309,331,129,165,186,best
20200615_General_005_DOS_P_F20_MM_003_0283.jpg,0.3925233644859813,1.128491620111732,22,16,-23,306,328,161,177,184,best
20200615_General_005_DOS_P_F20_MM_003_0284.jpg,0.4271844660194174,1.1092896174863387,22,10,-26,306,328,160,170,186,best
20200615_General_005_DOS_P_F20_MM_003_0285.jpg,0.4271844660194174,1.0736842105263158,22,19,-40,305,327,142,161,182,best
20200615_General_005_DOS_P_F20_MM_003_0286.jpg,0.4077669902912621,1.068421052631579,22,20,-36,305,327,146,166,182,best
20200615_General_005_DOS_P_F20_MM_003_0287.jpg,0.42,1.0357142857142858,22,31,-47,305,327,135,166,182,best
20200615_General_005_DOS_P_F20_MM_003_0288.jpg,0.4329896907216495,1.0408163265306123,23,33,-54,305,328,128,161,182,best
20200615_General_005_DOS_P_F20_MM_003_0289.jpg,0.4615384615384615,1.0148514851485149,23,18,-56,305,328,127,145,183,best
20200615_General_005_DOS_P_F20_MM_003_0290.jpg,0.4615384615384615,1.0,23,27,-63,305,328,119,146,182,best
20200615_General_005_DOS_P_F20_MM_003_0291.jpg,0.4615384615384615,1.0148514851485149,22,30,-64,305,327,117,147,181,best
20200615_General_005_DOS_P_F20_MM_003_0292.jpg,0.4615384615384615,1.0,22,30,-63,305,327,116,146,179,best
20200615_General_005_DOS_P_F20_MM_003_0293.jpg,0.4347826086956521,1.0,23,32,-63,304,327,114,146,177,best
20200615_General_005_DOS_P_F20_MM_003_0294.jpg,0.4301075268817204,1.019704433497537,23,31,-61,304,327,117,148,178,best
20200615_General_005_DOS_P_F20_MM_003_0295.jpg,0.4615384615384615,0.9855769230769232,19,31,-59,305,324,117,148,176,best
20200615_General_005_DOS_P_F20_MM_003_0296.jpg,0.4444444444444444,1.0,19,33,-60,303,322,116,149,176,best
20200615_General_005_DOS_P_F20_MM_003_0495.jpg,0.4782608695652174,1.3012048192771084,0,-15,-4,335,335,154,139,158,best
20200615_General_005_DOS_P_F20_MM_003_1702.jpg,1.5263157894736843,-inf,-22,-89,308,210,188,359,270,51,best
20200615_General_005_DOS_P_F20_MM_003_1709.jpg,0.868421052631579,19.666666666666668,-22,-84,186,291,269,356,272,170,best
20200615_General_005_DOS_P_F20_MM_003_2483.jpg,0.4375,1.1352941176470588,-9,36,34,317,308,222,258,188,best
20200615_General_005_DOS_P_F20_MM_003_2490.jpg,0.6666666666666666,1.103448275862069,-6,16,16,321,315,186,202,170,best
20200615_General_005_DOS_P_F20_MM_003_2493.jpg,0.5789473684210527,1.0416666666666667,2,16,-58,326,328,121,137,179,best
20200615_General_005_DOS_P_F20_MM_003_2571.jpg,0.5760869565217391,1.0153061224489797,14,24,-46,308,322,118,142,164,best
20200615_General_005_DOS_P_F20_MM_003_3149.jpg,0.4406779661016949,1.0971428571428572,6,30,-15,313,319,143,173,158,best
20200703_General_001_DOC_P_F20_MM_010_0094.jpg,0.5384615384615384,1.221556886227545,62,31,-53,298,360,132,163,185,best
20200703_General_001_DOC_P_F20_MM_010_0095.jpg,0.5865384615384616,1.1893491124260356,65,31,-52,292,357,131,162,183,best
20200703_General_001_DOC_P_F20_MM_010_0101.jpg,0.6020408163265306,1.186046511627907,66,35,-56,292,358,127,162,183,best
20200703_General_001_DOC_P_F20_MM_010_0102.jpg,0.6060606060606061,1.184971098265896,67,36,-57,292,359,124,160,181,best
20200703_General_001_DOC_P_F20_MM_010_0103.jpg,0.631578947368421,1.1581920903954803,67,37,-58,292,359,123,160,181,best
20200703_General_001_DOC_P_F20_MM_010_0124.jpg,0.6105263157894737,1.1318681318681318,65,50,-74,294,359,111,161,185,best
20200703_General_001_DOC_P_F20_MM_010_0133.jpg,0.6888888888888889,1.0806451612903225,64,37,-70,295,359,120,157,190,best
20200703_General_001_DOC_P_F20_MM_010_0136.jpg,0.6989247311827957,1.065217391304348,66,32,-69,293,359,122,154,191,best
20200703_General_001_DOC_P_F20_MM_010_0144.jpg,0.7065217391304348,1.0710382513661203,66,28,-69,293,359,125,153,194,best
20200703_General_001_DOC_P_F20_MM_010_0155.jpg,0.5980392156862745,1.0638297872340423,66,33,-73,293,359,119,152,192,best
20200703_General_001_DOC_P_F20_MM_010_0249.jpg,0.4489795918367347,1.2297297297297298,-93,-13,65,271,178,168,155,103,best
20200703_General_001_DOC_P_F20_MM_010_0250.jpg,0.4727272727272727,0.9842931937172776,42,19,-28,316,358,152,171,180,best
20200703_General_001_DOC_P_F20_MM_010_0255.jpg,0.4736842105263157,1.270440251572327,57,34,-43,300,357,139,173,182,best
20200703_General_001_DOC_P_F20_MM_010_0260.jpg,0.4869565217391304,1.3333333333333333,52,3,-29,305,357,150,153,179,best
20200703_General_001_DOC_P_F20_MM_010_0261.jpg,0.5272727272727272,1.3548387096774193,57,-7,-35,302,359,151,144,186,best
20200703_General_001_DOC_P_F20_MM_010_0262.jpg,0.5309734513274337,1.3417721518987342,57,-10,-36,302,359,149,139,185,best
20200703_General_001_DOC_P_F20_MM_010_0537.jpg,-3.363636363636364,-3.816666666666667,-44,11,78,267,223,335,346,257,best
20200703_General_001_DOC_P_F20_MM_010_0542.jpg,0.6213592233009708,1.0756756756756756,46,-5,-50,314,360,141,136,191,best
20200703_General_001_DOC_P_F20_MM_010_0574.jpg,0.5825242718446602,1.1179775280898876,48,3,-56,312,360,139,142,195,best
20200703_General_001_DOC_P_F20_MM_010_0602.jpg,0.61,1.1206896551724137,52,9,-73,306,358,127,136,200,best
20200703_General_001_DOC_P_F20_MM_010_0607.jpg,0.5865384615384616,1.115606936416185,54,7,-75,304,358,127,134,202,best
20200703_General_001_DOC_P_F20_MM_010_0722.jpg,0.4554455445544554,0.988826815642458,-30,-16,-47,274,244,114,98,161,best
20200703_General_001_DOC_P_F20_MM_010_0731.jpg,0.4716981132075472,0.9056603773584906,23,1,-38,319,342,136,137,174,best
20200703_General_001_DOC_P_F20_MM_010_0752.jpg,0.6021505376344086,0.8858447488584474,35,28,-59,323,358,123,151,182,best
20200703_General_001_DOC_P_F20_MM_010_0858.jpg,0.5523809523809524,0.883248730964467,48,-20,-58,311,359,146,126,204,best
20200703_General_001_DOC_P_F20_MM_010_0866.jpg,0.6262626262626263,0.9247311827956988,47,-13,-77,311,358,140,127,217,best
20200703_General_001_DOC_P_F20_MM_037_0115.jpg,0.5648148148148148,0.8571428571428571,49,-18,-33,303,352,134,116,167,best
20200703_General_001_DOC_P_F20_MM_037_0116.jpg,0.5454545454545454,0.9019607843137256,46,-15,-41,309,355,136,121,177,best
20200703_General_001_DOC_P_F20_MM_037_0120.jpg,0.6095238095238096,0.8932038834951457,46,-15,-43,305,351,133,118,176,best
20200703_General_001_DOC_P_F20_MM_037_0197.jpg,0.7468354430379747,1.913793103448276,95,41,-64,263,358,111,152,175,best
20200703_General_001_DOC_P_F20_MM_037_0200.jpg,0.65625,1.2181818181818185,54,7,-60,306,360,140,147,200,best
20200703_General_001_DOC_P_F20_MM_037_0390.jpg,0.5046728971962616,1.130681818181818,36,12,-46,324,360,128,140,174,best
20200703_General_001_DOC_P_F20_MM_037_0391.jpg,0.5420560747663551,1.0486486486486486,33,13,-54,327,360,124,137,178,best
20200703_General_001_DOC_P_F20_MM_037_0392.jpg,0.5607476635514018,1.0,32,13,-56,327,359,123,136,179,best
20200703_General_001_DOC_P_F20_MM_037_0393.jpg,0.5309734513274337,0.979381443298969,31,14,-63,329,360,121,135,184,best
20200703_General_001_DOC_P_F20_MM_037_0394.jpg,0.5636363636363636,0.9547738693467336,30,14,-69,329,359,119,133,188,best
20200703_General_001_DOC_P_F20_MM_037_0395.jpg,0.5486725663716814,0.9396984924623116,33,14,-71,326,359,119,133,190,best
20200703_General_001_DOC_P_F20_MM_037_0396.jpg,0.5663716814159292,0.925,33,14,-70,323,356,118,132,188,best
20200703_General_001_DOC_P_F20_MM_037_0397.jpg,0.584070796460177,0.9014778325123152,33,14,-70,323,356,118,132,188,best
20200703_General_001_DOC_P_F20_MM_037_0401.jpg,0.6,0.9113300492610836,34,14,-69,323,357,118,132,187,best
20200703_General_001_DOC_P_F20_MM_037_0402.jpg,0.6090909090909091,0.8975609756097561,33,14,-70,323,356,116,130,186,best
20200703_General_001_DOC_P_F20_MM_037_0404.jpg,0.6203703703703703,0.8840579710144928,37,13,-67,319,356,117,130,184,best
20200703_General_001_DOC_P_F20_MM_038_0023.jpg,0.7083333333333334,0.9483568075117372,21,-10,-22,324,345,119,109,141,best
20200703_General_001_DOC_P_F20_MM_038_0030.jpg,0.7446808510638298,0.938095238095238,24,-8,-30,327,351,126,118,156,best
20200703_General_001_DOC_P_F20_MM_038_0035.jpg,0.7216494845360825,0.9368932038834952,26,-6,-33,328,354,131,125,164,best
20200703_General_001_DOC_P_F20_MM_038_0043.jpg,0.7708333333333334,0.931372549019608,30,-5,-29,325,355,137,132,166,best
20200703_General_001_DOS_P_F20_MM_008_0476.jpg,0.5304347826086957,1.0106382978723405,14,-13,-13,312,326,144,131,157,best
20200703_General_001_DOS_P_F20_MM_008_0504.jpg,0.5391304347826087,0.9791666666666666,12,-8,-16,314,326,144,136,160,best
20200703_General_001_DOS_P_F20_MM_009_0219.jpg,0.5263157894736842,1.3356643356643356,64,-2,-76,296,360,145,143,221,best
20200703_General_001_DOS_P_F20_MM_009_0238.jpg,0.5490196078431373,1.375,61,-18,-53,299,360,163,145,216,best
20200703_General_001_DOS_P_F20_MM_009_0455.jpg,0.6190476190476191,1.0376344086021505,30,-5,-62,324,354,144,139,206,best
20200703_General_001_DOS_P_F20_MM_009_0579.jpg,0.6176470588235294,1.088235294117647,45,-15,-67,315,360,141,126,208,best
20200703_General_001_DOS_P_F20_MM_025_0016.jpg,0.5684210526315789,1.2634730538922156,42,-7,-47,257,299,115,108,162,best
20200703_General_001_DOS_P_F20_MM_025_0120.jpg,0.5087719298245614,1.1122994652406415,23,-17,-19,319,342,152,135,171,best
20200703_General_001_DOS_P_F20_MM_040_0307.jpg,0.6422018348623854,1.118343195266272,53,6,-39,307,360,143,149,182,best
20200703_General_001_DOS_P_F20_MM_042_0019.jpg,0.8690476190476191,2.210526315789474,80,-14,-53,279,359,185,171,238,best
20200709_General_010_DOC_P_F20_MM_017_0067.jpg,0.6111111111111112,1.213872832369942,50,-8,-29,311,361,149,141,178,best
20200709_General_010_DOC_P_F20_MM_017_0068.jpg,0.6285714285714286,1.181818181818182,50,-5,-31,311,361,148,143,179,best
20200709_General_010_DOC_P_F20_MM_017_0110.jpg,0.5575221238938053,1.2011494252873562,49,-3,-33,313,362,155,152,188,best
20200709_General_010_DOC_P_F20_MM_017_0114.jpg,0.5663716814159292,1.1675977653631284,50,1,-33,311,361,154,155,187,best
20200709_General_010_DOC_P_F20_MM_017_0115.jpg,0.5486725663716814,1.1731843575418994,52,2,-33,308,360,152,154,185,best
20200709_General_010_DOC_P_F20_MM_017_0617.jpg,0.580952380952381,1.15,44,22,-44,289,333,129,151,173,best
20200709_General_010_DOC_P_F20_MM_017_0620.jpg,0.5514018691588785,1.1129032258064515,38,27,-49,302,340,132,159,181,best
20200709_General_010_DOC_P_F20_MM_027_0276.jpg,0.6376811594202898,1.451851851851852,-3,31,-20,325,322,209,240,229,best
20200709_General_010_DOC_P_F20_MM_027_0277.jpg,0.3652173913043478,0.9660194174757282,-4,48,-31,302,298,119,167,150,best
20200709_General_010_DOR_P_F20_MM_019_1239.jpg,0.4680851063829787,0.8326180257510729,27,70,-95,326,353,112,182,207,best
20200709_General_010_DOR_P_F20_MM_019_1264.jpg,0.4565217391304347,0.825531914893617,28,65,-97,324,352,107,172,204,best
20200709_General_010_DOR_P_F20_MM_019_1265.jpg,0.4615384615384615,0.8290598290598291,25,64,-95,325,350,107,171,202,best
20200709_General_010_DOR_P_F20_MM_019_1266.jpg,0.4615384615384615,0.8085106382978723,23,64,-94,322,345,104,168,198,best
20200709_General_010_DOR_P_F20_MM_019_1499.jpg,0.4476190476190476,0.9748743718592964,29,34,-28,300,329,150,184,178,best
20200709_General_010_DOR_P_F20_MM_019_2259.jpg,0.3048780487804878,1.0430622009569377,-21,-37,28,284,263,168,131,140,best
20200709_General_010_DOR_P_F20_MM_019_2268.jpg,0.3428571428571428,0.9627659574468084,0,23,-54,314,314,157,180,211,best
20200709_General_010_DOR_P_F20_MM_019_2273.jpg,0.2990654205607476,0.925531914893617,7,31,-69,320,327,155,186,224,best
20200709_General_010_DOR_P_F20_MM_019_2827.jpg,0.5612244897959183,0.9182692307692308,36,47,-106,324,360,130,177,236,best
20200709_General_010_DOR_P_F20_MM_019_2828.jpg,0.4396551724137931,0.9846153846153848,42,48,-79,319,361,143,191,222,best
20200709_General_010_DOR_P_F20_MM_019_2829.jpg,0.3982300884955752,1.0,37,48,-75,324,361,145,193,220,best
20200709_General_010_DOR_P_F20_MM_019_2830.jpg,0.3873873873873873,1.005181347150259,42,47,-77,318,360,141,188,218,best
20200709_General_010_DOR_P_F20_MM_019_2831.jpg,0.4070796460176991,0.9896907216494846,42,49,-76,319,361,141,190,217,best
20200709_General_010_DOR_P_F20_MM_019_2832.jpg,0.3928571428571428,1.005181347150259,45,51,-80,315,360,139,190,219,best
20200709_General_010_DOR_P_F20_MM_019_2835.jpg,0.4272727272727272,1.0209424083769634,50,54,-81,311,361,138,192,219,best
20200709_General_010_DOR_P_F20_MM_019_2836.jpg,0.4272727272727272,1.0052083333333333,49,53,-82,312,361,137,190,219,best
20200709_General_010_DOR_P_F20_MM_019_2837.jpg,0.4259259259259259,1.0158730158730158,50,52,-78,311,361,137,189,215,best
20200709_General_010_DOR_P_F20_MM_019_2838.jpg,0.4587155963302752,1.0052631578947369,52,51,-77,309,361,138,189,215,best
20200709_General_010_DOR_P_F20_MM_019_2839.jpg,0.4537037037037037,1.0105820105820107,53,51,-79,307,360,135,186,214,best
20200709_General_010_DOR_P_F20_MM_019_2846.jpg,0.4363636363636363,1.0319148936170213,53,50,-80,308,361,136,186,216,best
20200709_General_010_DOR_P_F20_MM_019_2849.jpg,0.4166666666666667,1.0,55,48,-85,306,361,132,180,217,best
20200709_General_010_DOR_P_F20_MM_019_2850.jpg,0.4150943396226415,1.0,53,45,-84,308,361,132,177,216,best
20200709_General_010_DOR_P_F20_MM_019_2851.jpg,0.4528301886792453,1.0,54,45,-83,306,360,132,177,215,best
20200709_General_010_DOR_P_F20_MM_019_2861.jpg,0.4444444444444444,0.984375,55,46,-84,306,361,131,177,215,best
20200709_General_010_DOR_P_F20_MM_019_2895.jpg,0.490566037735849,0.9842105263157894,53,36,-75,308,361,140,176,215,best
20200709_General_010_DOR_P_F20_MM_022_0175.jpg,0.25,0.7909836065573771,26,68,-93,292,318,84,152,177,best
20200709_General_010_DOR_P_F20_MM_022_0219.jpg,0.2941176470588235,0.8711111111111111,13,53,-50,302,315,121,174,171,best
20200709_General_010_DOR_P_F20_MM_023_0090.jpg,0.4285714285714285,1.138121546961326,28,33,-16,308,336,164,197,180,best
20200709_General_010_DOR_P_F20_MM_023_0115.jpg,0.453781512605042,1.1160220994475138,38,28,-32,308,346,160,188,192,best
20200709_General_010_DOR_P_F20_MM_023_0119.jpg,0.4146341463414634,1.1340782122905029,36,29,-28,309,345,168,197,196,best
20200730_General_013_DOC_P_F20_MM_051_0125.jpg,0.7553191489361702,0.9,31,-21,-58,321,352,149,128,207,best
20200730_General_013_DOC_P_F20_MM_051_0126.jpg,0.6153846153846154,0.9567567567567568,31,-19,-54,321,352,153,134,207,best
20200730_General_013_DOC_P_F20_MM_051_0127.jpg,0.6213592233009708,0.9666666666666668,27,-18,-44,322,349,164,146,208,best
20200730_General_013_DOC_P_F20_MM_051_0128.jpg,0.6039603960396039,1.0236686390532543,23,-35,-16,320,343,189,154,205,best
20200730_General_013_DOC_P_F20_MM_051_0129.jpg,0.6082474226804123,1.0484848484848486,24,-28,-4,319,343,201,173,205,best
20200730_General_013_DOC_P_F20_MM_051_0130.jpg,0.5841584158415841,1.0897435897435896,20,-31,12,321,341,215,184,203,best
20200730_General_013_DOC_P_F20_MM_052_0111.jpg,1.4,0.1314553990610328,-26,118,-288,308,282,70,188,358,best
20200803_General_013_DOC_P_F20_MM_013_0390.jpg,0.5164835164835165,0.972972972972973,38,33,-55,322,360,160,193,215,best
20200803_General_013_DOC_P_F20_MM_013_0393.jpg,0.5824175824175825,0.8969072164948454,34,41,-62,320,354,150,191,212,best
20200803_General_013_DOC_P_F20_MM_013_0487.jpg,0.580952380952381,0.8260869565217391,46,36,-66,312,358,139,175,205,best
20200803_General_013_DOC_P_F20_MM_013_0499.jpg,0.6428571428571429,0.8009478672985783,53,20,-80,308,361,130,150,210,best
20200803_General_013_DOC_P_F20_MM_013_0657.jpg,0.7373737373737373,0.9067357512953368,17,1,-18,320,337,155,156,173,best
20200803_General_013_DOC_P_F20_MM_013_0699.jpg,0.6938775510204082,0.8871794871794871,27,16,-36,315,342,143,159,179,best
20200803_General_013_DOC_P_F20_MM_013_0710.jpg,0.6947368421052632,0.8861386138613861,37,24,-50,308,345,135,159,185,best
20200803_General_013_DOC_P_F20_MM_014_0384.jpg,0.76,0.8374384236453202,37,-1,-68,307,344,145,144,213,best
20200803_General_013_DOC_P_F20_MM_026_0267.jpg,0.3644859813084112,0.8733031674208145,26,42,-65,319,345,130,172,195,best
20200803_General_013_DOC_P_F20_MM_026_0275.jpg,0.3653846153846153,0.8854625550660793,22,53,-68,318,340,123,176,191,best
20200803_General_013_DOC_P_F20_MM_027_0026.jpg,0.375,1.0157894736842106,30,26,-12,287,317,162,188,174,best
20200803_General_013_DOC_P_F20_MM_027_0027.jpg,0.4247787610619469,1.0052356020942408,29,27,-23,289,318,158,185,181,best
20200803_General_013_DOC_P_F20_MM_027_0587.jpg,0.5145631067961165,0.8472222222222222,34,50,-53,309,343,126,176,179,best
20200803_General_013_DOC_P_F20_MM_027_0733.jpg,0.5483870967741935,1.010752688172043,49,37,-76,312,361,124,161,200,best
20200803_General_013_DOC_P_F20_MM_027_0736.jpg,0.5425531914893617,1.1437125748502994,54,24,-60,306,360,131,155,191,best
20200803_General_013_DOC_P_F20_MM_027_0744.jpg,0.5294117647058824,1.1022727272727273,53,16,-55,307,360,138,154,193,best
20200803_General_013_DOC_P_F20_MM_027_0745.jpg,0.5238095238095238,1.1271676300578035,53,11,-52,307,360,144,155,196,best
20200803_General_013_DOC_P_F20_MM_027_0806.jpg,0.3833333333333333,1.033195020746888,39,47,-159,268,307,43,90,202,best
20200803_General_013_DOC_P_F20_MM_029_0068.jpg,0.6470588235294118,0.9611650485436892,59,47,-112,296,355,117,164,229,best
20200803_General_013_DOC_P_F20_MM_029_0432.jpg,0.6754385964912281,1.6545454545454543,91,-35,-64,270,361,204,169,268,best
20200803_General_013_DOC_P_F20_MM_030_0015.jpg,0.6296296296296297,1.0514285714285714,39,-10,-66,321,360,179,169,245,best
20200803_General_013_DOC_P_F20_MM_030_0028.jpg,0.5436893203883495,1.1046511627906976,53,-15,-63,308,361,168,153,231,best
20200803_General_013_DOC_P_F20_MM_030_0029.jpg,0.5306122448979592,1.0327868852459017,57,-4,-55,303,360,159,155,214,best
20200803_General_013_DOS_P_F20_MM_018_0324.jpg,0.5596330275229358,1.1952662721893492,45,31,-58,313,358,145,176,203,best
20200803_General_013_DOS_P_F20_MM_018_0331.jpg,0.616822429906542,1.1264367816091954,46,28,-64,314,360,143,171,207,best
20200804_General_011_DOC_P_F20_MM_001_0064.jpg,0.5517241379310345,1.0,28,41,-15,320,348,173,214,188,best
20200804_General_011_DOC_P_F20_MM_001_0067.jpg,0.5726495726495726,0.9432989690721648,37,63,-34,320,357,163,226,197,best
20200804_General_011_DOC_P_F20_MM_001_0070.jpg,0.5818181818181818,0.9154228855721394,38,55,-42,319,357,153,208,195,best
20200804_General_011_DOC_P_F20_MM_001_0093.jpg,0.5137614678899083,0.9306930693069309,25,39,-38,317,342,154,193,192,best
20200804_General_011_DOC_P_F20_MM_001_0120.jpg,0.5675675675675675,0.9343434343434344,36,32,-33,315,351,156,188,189,best
20200804_General_011_DOC_P_F20_MM_002_2047.jpg,0.7096774193548387,1.2420382165605095,54,32,-10,306,360,175,207,185,best
20200804_General_011_DOC_P_F20_MM_002_2048.jpg,0.5588235294117647,1.0217391304347827,44,31,-47,314,358,158,189,205,best
20200804_General_011_DOC_P_F20_MM_002_2094.jpg,0.6078431372549019,0.9946236559139784,31,25,-32,316,347,163,188,195,best
20200804_General_011_DOC_P_F20_MM_002_2095.jpg,0.6464646464646465,0.983957219251337,33,32,-34,319,352,167,199,201,best
20200804_General_011_DOC_P_F20_MM_002_2125.jpg,0.6176470588235294,0.9739583333333334,36,33,-46,308,344,152,185,198,best
20200804_General_011_DOC_P_F20_MM_002_2134.jpg,0.5625,1.0625,45,8,-27,304,349,174,182,201,best
20200804_General_011_DOC_P_F20_MM_003_1443.jpg,0.594059405940594,0.8949771689497716,36,45,-60,320,356,122,167,182,best
20200804_General_011_DOC_P_F20_MM_003_2166.jpg,0.6129032258064516,0.8309859154929577,30,53,-90,322,352,130,183,220,best
20200804_General_011_DOR_P_F20_MM_004_1449.jpg,0.5660377358490566,0.924170616113744,33,25,-45,321,354,137,162,182,best
20200804_General_011_DOR_P_F20_MM_010_0460.jpg,0.5520833333333334,0.9752475247524752,50,56,-76,308,358,123,179,199,best
20200804_General_011_DOR_P_F20_MM_010_0471.jpg,0.4403669724770642,0.9751243781094528,37,51,-69,323,360,134,185,203,best
20200804_General_011_DOR_P_F20_MM_010_0481.jpg,0.4660194174757281,0.931372549019608,39,50,-76,320,359,132,182,208,best
20200804_General_011_DOR_P_F20_MM_011_0327.jpg,0.6823529411764706,1.1292134831460674,36,-5,-65,324,360,156,151,221,best
20200804_General_011_DOR_P_F20_MM_011_0540.jpg,-0.9661016949152542,-2.309859154929577,-32,-25,9,215,183,322,297,313,best
20200804_General_011_DOR_P_F20_MM_019_0122.jpg,0.6956521739130435,1.07,30,46,-26,323,353,146,192,172,best
20200804_General_011_DOR_P_F20_MM_019_0132.jpg,0.7263157894736842,1.1630434782608696,42,32,-25,316,358,154,186,179,best
20200804_General_011_DOR_P_F20_MM_019_0139.jpg,0.7040816326530612,1.2471264367816093,50,30,-32,309,359,152,182,184,best
20200804_General_011_DOR_P_F20_MM_019_0149.jpg,0.6701030927835051,1.343558282208589,68,28,-51,292,360,145,173,196,best
20200804_General_011_DOR_P_F20_MM_019_0152.jpg,0.69,1.309090909090909,66,15,-61,294,360,141,156,202,best
20200804_General_011_DOR_P_F20_MM_019_0153.jpg,0.6868686868686869,1.379746835443038,69,8,-68,291,360,134,142,202,best
20200804_General_011_DOR_P_F20_MM_019_0154.jpg,0.6732673267326733,1.3251533742331287,61,0,-55,298,359,145,145,200,best
20200804_General_011_DOR_P_F20_MM_019_0161.jpg,0.6407766990291263,1.2634730538922156,58,9,-33,300,358,143,152,176,best
20200804_General_011_DOR_P_F20_MM_019_0176.jpg,0.5943396226415094,1.431372549019608,68,38,-57,291,359,142,180,199,best
20200804_General_011_DOR_P_F20_MM_020_1794.jpg,0.4380952380952381,1.076190476190476,34,38,-34,309,343,132,170,166,best
20200804_General_011_DOR_P_F20_MM_020_1795.jpg,0.4074074074074074,1.061904761904762,20,49,-32,315,335,131,180,163,best
20200804_General_011_DOR_P_F20_MM_020_1972.jpg,0.4901960784313725,1.0492610837438423,25,29,-31,320,345,134,163,165,best
20200804_General_011_DOR_P_F20_MM_020_1993.jpg,0.5053763440860215,0.9865470852017936,56,7,-34,294,350,94,101,128,best
20200804_General_011_DOR_P_F20_MM_020_2015.jpg,0.5869565217391305,0.8458149779735683,34,24,-44,313,347,102,126,146,best
20200804_General_011_DOR_P_F20_MM_020_2022.jpg,0.5869565217391305,0.8552631578947368,22,34,-48,313,335,100,134,148,best
20200807_General_003_DOS_P_F20_MM_018_0101.jpg,0.6764705882352942,1.074468085106383,40,-31,-25,317,357,175,144,200,best
20200807_General_003_DOS_P_F20_MM_018_0102.jpg,0.6666666666666666,1.0806451612903225,39,-31,-23,317,356,176,145,199,best
20200807_General_003_DOS_P_F20_MM_018_0103.jpg,0.6634615384615384,1.0806451612903225,37,-30,-23,317,354,174,144,197,best
20200807_General_003_DOS_P_F20_MM_018_0104.jpg,0.6699029126213593,1.074866310160428,36,-32,-22,317,353,173,141,195,best
20200807_General_003_DOS_P_F20_MM_018_0105.jpg,0.6601941747572816,1.0918918918918918,35,-32,-20,317,352,173,141,193,best
20200807_General_003_DOS_P_F20_MM_018_0106.jpg,0.6571428571428571,1.0864864864864865,33,-32,-17,317,350,173,141,190,best
20200807_General_003_DOS_P_F20_MM_018_0107.jpg,0.6601941747572816,1.0864864864864865,32,-33,-16,317,349,174,141,190,best
20200807_General_003_DOS_P_F20_MM_018_0108.jpg,0.6666666666666666,1.086021505376344,32,-33,-16,316,348,173,140,189,best
20200807_General_003_DOS_P_F20_MM_018_0109.jpg,0.6699029126213593,1.0806451612903225,31,-33,-17,318,349,173,140,190,best
20200807_General_003_DOS_P_F20_MM_018_0110.jpg,0.6538461538461539,1.0918918918918918,32,-32,-18,316,348,170,138,188,best
20200807_General_003_DOS_P_F20_MM_018_0926.jpg,-0.3116883116883117,2.061855670103093,85,-41,-149,275,360,183,142,332,best
20200807_General_003_DOS_P_F20_MM_018_1416.jpg,0.6470588235294118,1.406015037593985,73,-29,-72,285,358,148,119,220,best
20200807_General_003_DOS_P_F20_MM_020_0244.jpg,0.3043478260869565,1.6846153846153846,45,-8,27,315,360,201,193,174,best
20200807_General_003_DOS_P_F20_MM_020_0245.jpg,0.3445378151260504,1.411764705882353,42,16,-25,318,360,171,187,196,best
20200807_General_003_DOS_P_F20_MM_020_0246.jpg,0.4210526315789473,1.2409638554216869,34,33,-26,323,357,173,206,199,best
20200807_General_003_DOS_P_F20_MM_020_0263.jpg,0.423728813559322,1.1444444444444444,30,39,-20,324,354,176,215,196,best
20200807_General_003_DOS_P_F20_MM_020_0264.jpg,0.4354838709677419,1.0569948186528495,30,50,-37,317,347,151,201,188,best
20200807_General_003_DOS_P_F20_MM_020_0265.jpg,0.4628099173553719,1.0303030303030305,31,50,-39,324,355,150,200,189,best
20200807_General_003_DOS_P_F20_MM_020_0266.jpg,0.5811965811965812,1.0264550264550265,27,26,-22,317,344,159,185,181,best
20200807_General_003_DOS_P_F20_MM_020_0267.jpg,0.591304347826087,1.005181347150259,30,20,-22,316,346,157,177,179,best
20200807_General_003_DOS_P_F20_MM_020_0268.jpg,0.6339285714285714,0.9692307692307692,27,17,-20,319,346,159,176,179,best
20200807_General_003_DOS_P_F20_MM_020_0269.jpg,0.5847457627118644,0.9896373056994818,26,11,-14,319,345,161,172,175,best
20200807_General_003_DOS_P_F20_MM_020_0270.jpg,0.5630252100840336,0.9846153846153848,27,12,-15,318,345,161,173,176,best
20200807_General_003_DOS_P_F20_MM_020_0271.jpg,0.5982142857142857,0.9494949494949496,23,12,-15,318,341,158,170,173,best
20200807_General_003_DOS_P_F20_MM_020_0272.jpg,0.6,0.9545454545454546,22,12,-18,321,343,158,170,176,best
20200807_General_003_DOS_P_F20_MM_020_0273.jpg,0.5726495726495726,0.964824120603015,23,14,-23,320,343,155,169,178,best
20200807_General_003_DOS_P_F20_MM_020_0274.jpg,0.5555555555555556,0.9504950495049505,21,13,-22,324,345,157,170,179,best
20200807_General_003_DOS_P_F20_MM_020_0275.jpg,0.5897435897435898,0.9646464646464646,20,13,-20,324,344,157,170,177,best
20200807_General_003_DOS_P_F20_MM_020_0276.jpg,0.5555555555555556,0.9948453608247424,23,11,-19,320,343,157,168,176,best
20200807_General_003_DOS_P_F20_MM_020_0277.jpg,0.5630252100840336,0.9846938775510204,22,12,-18,324,346,159,171,177,best
20200807_General_003_DOS_P_F20_MM_020_0278.jpg,0.5284552845528455,1.0260416666666667,21,13,-18,324,345,159,172,177,best
20200807_General_003_DOS_P_F20_MM_020_0279.jpg,0.5416666666666666,1.0154639175257731,21,13,-18,323,344,157,170,175,best
20200807_General_003_DOS_P_F20_MM_020_0280.jpg,0.5327868852459017,0.975,21,13,-18,323,344,155,168,173,best
20200807_General_003_DOS_P_F20_MM_020_0281.jpg,0.5327868852459017,0.975,21,14,-18,323,344,155,169,173,best
20200807_General_003_DOS_P_F20_MM_020_0282.jpg,0.5508474576271186,0.975,21,14,-18,323,344,155,169,173,best
20200807_General_003_DOS_P_F20_MM_020_0283.jpg,0.5508474576271186,0.975,19,13,-18,323,342,155,168,173,best
20200807_General_003_DOS_P_F20_MM_020_0284.jpg,0.5677966101694916,0.9948979591836736,23,12,-17,319,342,155,167,172,best
20200807_General_003_DOS_P_F20_MM_020_0285.jpg,0.5508474576271186,0.9948979591836736,20,13,-14,319,339,153,166,167,best
20200807_General_003_DOS_P_F20_MM_020_0286.jpg,0.5701754385964912,0.9798994974874372,24,14,-15,318,342,152,166,167,best
20200807_General_003_DOS_P_F20_MM_020_0287.jpg,0.5701754385964912,0.9899497487437184,27,16,-15,318,345,153,169,168,best
20200807_General_003_DOS_P_F20_MM_020_0288.jpg,0.5855855855855856,0.9752475247524752,27,15,-16,322,349,153,168,169,best
20200807_General_003_DOS_P_F20_MM_020_0289.jpg,0.5752212389380531,1.0,26,16,-17,323,349,156,172,173,best
20200807_General_003_DOS_P_F20_MM_020_0290.jpg,0.5963302752293578,0.9751243781094528,25,15,-17,323,348,154,169,171,best
20200807_General_003_DOS_P_F20_MM_020_0291.jpg,0.5963302752293578,0.9751243781094528,24,14,-15,323,347,154,168,169,best
20200807_General_003_DOS_P_F20_MM_020_0292.jpg,0.5963302752293578,0.9751243781094528,23,12,-13,323,346,155,167,168,best
20200807_General_003_DOS_P_F20_MM_020_0293.jpg,0.5963302752293578,0.9751243781094528,23,11,-13,323,346,155,166,168,best
20200807_General_003_DOS_P_F20_MM_020_0294.jpg,0.5752212389380531,0.9949238578680204,24,11,-13,323,347,155,166,168,best
20200807_General_003_DOS_P_F20_MM_020_0295.jpg,0.5803571428571429,0.9848484848484848,24,11,-14,319,343,153,164,167,best
20200807_General_003_DOS_P_F20_MM_020_0296.jpg,0.5855855855855856,0.975,24,11,-18,320,344,153,164,171,best
20200807_General_003_DOS_P_F20_MM_020_0297.jpg,0.5585585585585585,0.9897959183673468,26,9,-18,320,346,153,162,171,best
20200807_General_003_DOS_P_F20_MM_020_0298.jpg,0.5688073394495413,0.9848484848484848,25,10,-18,320,345,153,163,171,best
20200807_General_003_DOS_P_F20_MM_020_0299.jpg,0.5309734513274337,0.984924623115578,26,10,-21,320,346,155,165,176,best
20200807_General_003_DOS_P_F20_MM_020_0300.jpg,0.5304347826086957,1.0,21,8,-20,321,342,156,164,176,best
20200807_General_003_DOS_P_F20_MM_020_0301.jpg,0.5304347826086957,1.0103092783505154,20,8,-21,321,341,156,164,177,best
20200807_General_003_DOS_P_F20_MM_020_0302.jpg,0.5304347826086957,1.0103092783505154,21,8,-23,321,342,157,165,180,best
20200807_General_003_DOS_P_F20_MM_020_0303.jpg,0.5495495495495496,0.9949494949494948,21,6,-23,321,342,158,164,181,best
20200807_General_003_DOS_P_F20_MM_020_0304.jpg,0.5495495495495496,0.9949494949494948,20,5,-27,325,345,157,162,184,best
20200807_General_003_DOS_P_F20_MM_020_0305.jpg,0.5391304347826087,0.9797979797979798,23,6,-26,321,344,154,160,180,best
20200807_General_003_DOS_P_F20_MM_020_0306.jpg,0.5412844036697247,0.975,23,8,-25,321,344,155,163,180,best
20200807_General_003_DOS_P_F20_MM_020_0307.jpg,0.5221238938053098,0.975,23,9,-27,321,344,153,162,180,best
20200807_General_003_DOS_P_F20_MM_020_0308.jpg,0.5221238938053098,0.975,23,10,-27,321,344,153,163,180,best
20200807_General_003_DOS_P_F20_MM_020_0309.jpg,0.5315315315315315,1.0,23,10,-26,318,341,154,164,180,best
20200807_General_003_DOS_P_F20_MM_020_0310.jpg,0.5363636363636364,1.005181347150259,23,10,-26,319,342,156,166,182,best
20200807_General_003_DOS_P_F20_MM_020_0311.jpg,0.5175438596491229,1.005181347150259,24,10,-26,319,343,156,166,182,best
20200807_General_003_DOS_P_F20_MM_020_0312.jpg,0.5648148148148148,0.9846153846153848,22,10,-28,319,341,154,164,182,best
20200807_General_003_DOS_P_F20_MM_020_0529.jpg,0.6788990825688074,0.9292929292929292,-2,-3,-17,329,327,152,149,169,best
20200807_General_003_DOS_P_F20_MM_020_0535.jpg,0.6106194690265486,0.917098445595855,12,8,-32,319,331,132,140,164,best
20200807_General_003_DOS_P_F20_MM_020_0581.jpg,0.5391304347826087,1.0280898876404494,26,6,-21,315,341,166,172,187,best
20200807_General_003_DOS_P_F20_MM_020_0592.jpg,0.5412844036697247,1.0166666666666666,19,17,-29,313,332,157,174,186,best
20200807_General_003_DOS_P_F20_MM_020_0835.jpg,1.105263157894737,1.0888888888888888,58,4,-113,300,358,116,120,229,best
20200807_General_003_DOS_P_F20_MM_020_0893.jpg,0.8285714285714286,1.1104972375690607,56,-1,-119,303,359,116,115,235,best
20200807_General_003_DOS_P_F20_MM_020_0927.jpg,0.8235294117647058,1.1271676300578035,64,10,-122,296,360,121,131,243,best
20200807_General_003_DOS_P_F20_MM_020_2985.jpg,0.6097560975609756,1.2452830188679245,69,-6,-134,292,361,111,105,245,best
20200807_General_003_DOS_P_F20_MM_020_3023.jpg,0.6707317073170732,1.2564102564102564,71,-28,-109,290,361,127,99,236,best
20200807_General_003_DOS_P_F20_MM_020_3058.jpg,0.6867469879518072,1.1901840490797546,64,-24,-96,297,361,140,116,236,best
20200807_General_003_DOS_P_F20_MM_020_3069.jpg,0.7073170731707317,1.204968944099379,69,-17,-91,292,361,145,128,236,best
20200807_General_003_DOS_P_F20_MM_021_0034.jpg,0.3982300884955752,1.582857142857143,-1,-85,-170,350,349,178,93,348,best
20200807_General_003_DOS_P_F20_MM_021_0331.jpg,0.0465116279069767,0.8680851063829788,-82,35,26,279,197,121,156,95,best
20200807_General_003_DOS_P_F20_MM_022_0143.jpg,0.5773195876288659,1.0769230769230769,8,18,18,296,304,139,157,121,best
20200813_General_003_DOS_P_F20_MM_020_1319.jpg,0.4298245614035088,1.0386740331491713,58,22,-65,300,358,142,164,207,best
20200813_General_003_DOS_P_F20_MM_020_1324.jpg,0.4285714285714285,1.0555555555555556,59,21,-70,295,354,141,162,211,best
20200813_General_003_DOS_P_F20_MM_021_0036.jpg,0.5510204081632653,1.095505617977528,24,28,-25,274,298,126,154,151,best
20200813_General_003_DOS_P_F20_MM_021_0044.jpg,0.543859649122807,1.12,16,15,14,266,282,138,153,124,best
20200813_General_003_DOS_P_F20_MM_031_1557.jpg,0.4579439252336448,0.9707317073170731,11,18,-39,324,335,138,156,177,best
20200813_General_003_DOS_P_F20_MM_031_1558.jpg,0.4587155963302752,0.9609756097560976,18,17,-41,324,342,137,154,178,best
20200813_General_003_DOS_P_F20_MM_031_1559.jpg,0.4811320754716981,0.9514563106796116,20,15,-43,322,342,136,151,179,best
20200813_General_003_DOS_P_F20_MM_031_1560.jpg,0.4716981132075472,0.9326923076923076,22,13,-46,322,344,136,149,182,best
20200813_General_003_DOS_P_F20_MM_031_1561.jpg,0.4807692307692308,0.9326923076923076,22,12,-45,322,344,137,149,182,best
20200813_General_003_DOS_P_F20_MM_031_1562.jpg,0.4803921568627451,0.9230769230769232,25,11,-46,320,345,136,147,182,best
20200813_General_003_DOS_P_F20_MM_031_1563.jpg,0.4901960784313725,0.9230769230769232,26,12,-48,319,345,135,147,183,best
20200813_General_003_DOS_P_F20_MM_031_1564.jpg,0.4807692307692308,0.9230769230769232,28,12,-49,319,347,137,149,186,best
20200813_General_003_DOS_P_F20_MM_031_1565.jpg,0.4807692307692308,0.927536231884058,30,14,-52,317,347,136,150,188,best
20200813_General_003_DOS_P_F20_MM_031_1566.jpg,0.5048543689320388,0.9134615384615384,31,14,-52,317,348,136,150,188,best
20200813_General_003_DOS_P_F20_MM_031_1567.jpg,0.5196078431372549,0.908653846153846,33,15,-53,317,350,134,149,187,best
20200813_General_003_DOS_P_F20_MM_031_1568.jpg,0.5148514851485149,0.9043062200956936,34,16,-54,315,349,133,149,187,best
20200813_General_003_DOS_P_F20_MM_031_1569.jpg,0.5252525252525253,0.8909952606635071,34,17,-56,315,349,131,148,187,best
20200813_General_003_DOS_P_F20_MM_031_1570.jpg,0.5252525252525253,0.8909952606635071,35,16,-55,315,350,132,148,187,best
20200813_General_003_DOS_P_F20_MM_031_1571.jpg,0.5252525252525253,0.8826291079812206,33,16,-55,315,348,130,146,185,best
20200813_General_003_DOS_P_F20_MM_031_1572.jpg,0.5148514851485149,0.8909952606635071,33,16,-55,315,348,128,144,183,best
20200813_General_003_DOS_P_F20_MM_031_1573.jpg,0.5148514851485149,0.8909952606635071,33,16,-55,315,348,128,144,183,best
20200813_General_003_DOS_P_F20_MM_031_1574.jpg,0.5306122448979592,0.8962264150943396,34,15,-54,313,347,130,145,184,best
20200813_General_003_DOS_P_F20_MM_031_1575.jpg,0.5306122448979592,0.8962264150943396,33,15,-54,313,346,130,145,184,best
20200813_General_003_DOS_P_F20_MM_031_1576.jpg,0.5151515151515151,0.892018779342723,33,16,-54,313,346,128,144,182,best
20200813_General_003_DOS_P_F20_MM_031_1577.jpg,0.5252525252525253,0.892018779342723,33,15,-54,313,346,129,144,183,best
20200813_General_003_DOS_P_F20_MM_031_1578.jpg,0.5151515151515151,0.892018779342723,33,15,-55,313,346,129,144,184,best
20200813_General_003_DOS_P_F20_MM_031_1579.jpg,0.5252525252525253,0.892018779342723,33,18,-58,313,346,126,144,184,best
20200813_General_003_DOS_P_F20_MM_031_1580.jpg,0.5416666666666666,0.8755760368663594,35,19,-61,311,346,123,142,184,best
20200813_General_003_DOS_P_F20_MM_031_1581.jpg,0.53125,0.8755760368663594,36,18,-61,311,347,123,141,184,best
20200813_General_003_DOS_P_F20_MM_031_1582.jpg,0.53125,0.880184331797235,38,18,-61,309,347,123,141,184,best
20200927_General_011_DOC_P_F20_MM_005_0190.jpg,0.2287581699346405,-3.41025641025641,158,-61,-4,198,356,225,164,229,best
20200927_General_011_DOC_P_F20_MM_005_0191.jpg,0.303030303030303,30.0,119,-82,62,239,358,246,164,184,best
20200927_General_011_DOC_P_F20_MM_005_0192.jpg,0.1623376623376623,2.627906976744186,60,-64,113,300,360,246,182,133,best
20200927_General_011_DOC_P_F20_MM_005_0193.jpg,-0.0352112676056338,0.8641975308641975,0,-66,218,292,292,290,224,72,best
20200927_General_011_DOC_P_F20_MM_005_0194.jpg,-0.0338983050847457,0.9270833333333334,-1,-16,171,293,292,253,237,82,best
20201009_General_008_DOC_P_F20_MM_013_0520.jpg,0.5504587155963303,1.2792207792207793,64,-5,-36,270,334,107,102,143,best
20201009_General_008_DOC_P_F20_MM_013_0521.jpg,0.5471698113207547,1.1724137931034482,55,0,-40,285,340,107,107,147,best
20201009_General_008_DOC_P_F20_MM_013_0530.jpg,0.5490196078431373,1.1263736263736264,57,8,-40,285,342,103,111,143,best
20201009_General_008_DOC_P_F20_MM_013_0558.jpg,0.6236559139784946,1.020100502512563,61,7,-49,282,343,95,102,144,best
20201009_General_008_DOC_P_F20_MM_013_0578.jpg,0.5576923076923077,1.00990099009901,50,3,-34,278,328,104,107,138,best
20201009_General_008_DOC_P_F20_MM_013_0579.jpg,0.6213592233009708,0.9850746268656716,48,5,-37,267,315,100,105,137,best
20201009_General_008_DOC_P_F20_MM_013_0580.jpg,0.64,0.9707317073170731,49,8,-41,267,316,99,107,140,best
20201009_General_009_DOC_P_F20_MM_016_0601.jpg,0.6770833333333334,1.2321428571428572,3,-4,0,285,288,129,125,129,best
20201009_General_009_DOC_P_F20_MM_016_0602.jpg,0.7471264367816092,1.193939393939394,-1,-3,1,271,270,123,120,122,best
20201009_General_009_DOC_P_F20_MM_016_0603.jpg,0.7738095238095238,1.2085889570552146,-6,-3,2,269,263,121,118,119,best
20201009_General_009_DOC_P_F20_MM_016_0604.jpg,0.7926829268292683,1.1736526946107784,-11,-6,6,272,261,124,118,118,best
20201009_General_009_DOC_P_F20_MM_016_0605.jpg,0.8024691358024691,1.180722891566265,-12,-3,8,270,258,124,121,116,best
20201009_General_009_DOC_P_F20_MM_016_0611.jpg,0.7625,1.2745098039215683,-23,-2,65,266,243,163,161,98,best
20201009_General_009_DOC_P_F20_MM_016_1047.jpg,3.888888888888889,-1.5114503816793894,-114,-95,159,178,64,355,260,196,best
20201009_General_009_DOC_P_F20_MM_016_1053.jpg,0.8505747126436781,1.7063492063492065,72,-35,-76,287,359,131,96,207,best
20201009_General_009_DOC_P_F20_MM_016_1096.jpg,0.6701030927835051,1.4444444444444444,64,-42,-76,296,360,138,96,214,best
20201009_General_009_DOC_P_F20_MM_016_1097.jpg,0.7111111111111111,1.3642384105960266,71,-35,-72,288,359,130,95,202,best
20201009_General_009_DOC_P_F20_MM_016_1102.jpg,0.7126436781609196,1.2981366459627328,65,-46,-61,294,359,136,90,197,best
20201009_General_009_DOC_P_F20_MM_016_1105.jpg,0.7159090909090909,1.2349397590361446,51,-39,-39,308,359,156,117,195,best
20201009_General_009_DOC_P_F20_MM_016_1106.jpg,0.631578947368421,1.279503105590062,51,-25,-47,308,359,153,128,200,best
20201009_General_009_DOC_P_F20_MM_016_1659.jpg,0.6021505376344086,1.0103092783505154,29,-32,-17,293,322,151,119,168,best
20201009_General_009_DOC_P_F20_MM_016_1663.jpg,0.6739130434782609,1.0810810810810811,29,-59,7,298,327,187,128,180,best
20201009_General_009_DOC_P_F20_MM_016_1664.jpg,0.686046511627907,1.0648648648648649,28,-39,19,301,329,194,155,175,best
20201009_General_009_DOR_P_F20_MM_001_0219.jpg,0.8977272727272727,1.267175572519084,33,-57,40,318,351,183,126,143,best
20201009_General_009_DOR_P_F20_MM_001_0293.jpg,0.8041237113402062,1.326530612244898,51,-48,3,307,358,164,116,161,best
20201009_General_009_DOR_P_F20_MM_001_0309.jpg,0.8791208791208791,1.25625,48,-43,-15,310,358,155,112,170,best
20201009_General_009_DOR_P_F20_MM_001_0364.jpg,0.7378640776699029,1.2147239263803682,53,-43,-25,307,360,149,106,174,best
20201009_General_009_DOR_P_F20_MM_001_0390.jpg,0.7857142857142857,1.2422360248447204,36,-67,3,322,358,176,109,173,best
20201009_General_009_DOR_P_F20_MM_001_0391.jpg,0.8539325842696629,1.248447204968944,40,-75,6,320,360,182,107,176,best
20201009_General_009_DOR_P_F20_MM_001_0580.jpg,0.6333333333333333,1.3806451612903226,80,19,-54,280,360,121,140,175,best
20201009_General_009_DOR_P_F20_MM_001_0636.jpg,0.5757575757575758,1.1871345029239766,71,13,-49,289,360,136,149,185,best
20201009_General_009_DOR_P_F20_MM_001_0637.jpg,0.514018691588785,1.1812865497076024,67,13,-37,293,360,145,158,182,best
20201009_General_009_DOR_P_F20_MM_001_0638.jpg,0.5471698113207547,1.130681818181818,56,5,-28,302,358,152,157,180,best
20201009_General_009_DOR_P_F20_MM_001_0639.jpg,0.5504587155963303,1.112994350282486,55,6,-26,305,360,157,163,183,best
20201009_General_009_DOR_P_F20_MM_001_0640.jpg,0.5,1.1436781609195403,45,18,-1,309,354,180,198,181,best
20201009_General_009_DOR_P_F20_MM_001_0641.jpg,0.5048543689320388,1.1637426900584795,40,19,27,301,341,200,219,173,best
20201009_General_009_DOR_P_F20_MM_004_0183.jpg,0.9878048780487804,1.0340909090909092,54,-31,-24,305,359,156,125,180,best
20201009_General_009_DOR_P_F20_MM_004_0230.jpg,0.7659574468085106,1.1949685534591197,54,-38,-36,306,360,147,109,183,best
20201009_General_009_DOR_P_F20_MM_004_0239.jpg,0.7070707070707071,1.4191176470588236,62,-33,-30,296,358,152,119,182,best
20201009_General_009_DOR_P_F20_MM_004_0289.jpg,0.8064516129032258,1.3586206896551725,63,-29,-49,296,359,138,109,187,best
20201011_General_003_DOS_P_F20_MM_026_1895.jpg,0.6333333333333333,1.3202614379084967,68,-15,-55,291,359,137,122,192,best
20201011_General_003_DOS_P_F20_MM_026_1903.jpg,0.5050505050505051,1.1695906432748535,71,-15,-59,288,359,125,110,184,best
20201011_General_003_DOS_P_F20_MM_026_1910.jpg,0.5050505050505051,1.1551724137931034,68,-17,-60,291,359,124,107,184,best
20201011_General_005_DOC_P_F20_MM_026_0452.jpg,1.0972222222222223,0.9615384615384616,59,18,-48,299,358,145,163,193,best
20201011_General_005_DOC_P_F20_MM_027_0081.jpg,0.7662337662337663,0.9692307692307692,49,-32,-68,311,360,115,83,183,best
20201011_General_005_DOC_P_F20_MM_027_0100.jpg,0.6404494382022472,0.9601990049751244,40,-20,-62,318,358,118,98,180,best
20201011_General_005_DOC_P_F20_MM_027_0101.jpg,0.6304347826086957,0.9552238805970148,42,-19,-73,318,360,119,100,192,best
20201011_General_005_DOC_P_F20_MM_027_0102.jpg,0.6590909090909091,0.9356435643564356,45,-20,-76,315,360,116,96,192,best
20201011_General_005_DOC_P_F20_MM_027_0103.jpg,0.5957446808510638,0.9846153846153848,48,-18,-78,311,359,117,99,195,best
20201011_General_005_DOC_P_F20_MM_027_0104.jpg,0.6,0.9746192893401016,50,-15,-82,309,359,113,98,195,best
20201011_General_005_DOC_P_F20_MM_027_0105.jpg,0.6404494382022472,0.9646464646464646,52,-15,-84,308,360,111,96,195,best
20201011_General_005_DOC_P_F20_MM_027_0106.jpg,0.5913978494623656,0.9948186528497408,54,-17,-83,306,360,115,98,198,best
20201011_General_005_DOC_P_F20_MM_027_0107.jpg,0.5684210526315789,0.9948186528497408,50,-15,-83,309,359,116,101,199,best
20201011_General_005_DOC_P_F20_MM_027_0108.jpg,0.5789473684210527,1.0,52,-19,-77,306,358,120,101,197,best
20201011_General_005_DOC_P_F20_MM_027_0109.jpg,0.6,1.0104712041884816,55,-20,-78,304,359,120,100,198,best
20201011_General_005_DOC_P_F20_MM_027_0110.jpg,0.6404494382022472,0.9747474747474748,56,-12,-92,303,359,106,94,198,best
20201011_General_005_DOC_P_F20_MM_027_0111.jpg,0.6744186046511628,0.965,56,-14,-92,303,359,106,92,198,best
20201011_General_005_DOC_P_F20_MM_027_0112.jpg,0.6292134831460674,0.9746192893401016,56,-17,-88,303,359,110,93,198,best
20201011_General_005_DOC_P_F20_MM_027_0113.jpg,0.6292134831460674,0.9746192893401016,56,-19,-88,303,359,111,92,199,best
20201011_General_005_DOC_P_F20_MM_027_0114.jpg,0.6404494382022472,0.9695431472081218,56,-20,-87,303,359,112,92,199,best
20201011_General_005_DOC_P_F20_MM_027_0115.jpg,0.6404494382022472,0.955,59,-20,-87,300,359,112,92,199,best
20201011_General_005_DOC_P_F20_MM_027_0116.jpg,0.6086956521739131,0.9646464646464646,59,-20,-86,300,359,114,94,200,best
20201011_General_005_DOC_P_F20_MM_027_0117.jpg,0.6086956521739131,0.9747474747474748,58,-11,-93,301,359,109,98,202,best
20201011_General_005_DOC_P_F20_MM_027_0118.jpg,0.6222222222222222,0.979591836734694,60,-13,-91,299,359,111,98,202,best
20201011_General_005_DOC_P_F20_MM_027_0119.jpg,0.6363636363636364,0.965174129353234,61,-12,-95,298,359,105,93,200,best
20201011_General_005_DOC_P_F20_MM_027_0120.jpg,0.6477272727272727,0.9601990049751244,61,-9,-96,298,359,102,93,198,best
20201011_General_008_DOS_P_F20_MM_008_1654.jpg,0.7613636363636364,0.9090909090909092,48,-15,-58,309,357,114,99,172,best
20201011_General_008_DOS_P_F20_MM_009_0945.jpg,0.8292682926829268,1.2760736196319018,56,-39,-79,302,358,139,100,218,best
20201011_General_008_DOS_P_F20_MM_009_0988.jpg,0.881578947368421,1.1348314606741574,50,-29,-82,310,360,139,110,221,best
20201012_General_003_DOS_P_F20_MM_030_0310.jpg,-0.0288461538461538,0.9753694581280788,-8,18,-14,239,231,112,130,126,best
20201012_General_003_DOS_P_F20_MM_030_0324.jpg,0.2626262626262626,0.9102564102564102,7,68,-47,309,316,113,181,160,best
20201012_General_003_DOS_P_F20_MM_030_0325.jpg,0.2872340425531915,0.8888888888888888,-3,68,-34,315,312,120,188,154,best
20201012_General_003_DOS_P_F20_MM_030_0326.jpg,0.3205128205128205,0.933609958506224,24,107,-80,295,319,57,164,137,best
20201012_General_003_DOS_P_F20_MM_030_0327.jpg,0.4090909090909091,0.890295358649789,35,77,-73,308,343,88,165,161,best
20201012_General_003_DOS_P_F20_MM_030_0328.jpg,0.4591836734693877,0.9348837209302324,10,58,-36,314,324,122,180,158,best
20201012_General_003_DOS_P_F20_MM_030_0353.jpg,0.4239130434782608,0.9111111111111112,6,64,-42,314,320,113,177,155,best
20201012_General_003_DOS_P_F20_MM_030_0361.jpg,0.3578947368421052,0.8947368421052632,18,73,-60,319,337,108,181,168,best
20201012_General_003_DOS_P_F20_MM_030_0362.jpg,0.2989690721649484,0.9070796460176992,16,74,-62,316,332,107,181,169,best
20201012_General_003_DOS_P_F20_MM_030_0367.jpg,0.35,0.9252336448598132,6,60,-48,315,321,121,181,169,best
20201012_General_003_DOS_P_F20_MM_030_0397.jpg,0.3611111111111111,0.9333333333333332,12,60,-42,311,323,123,183,165,best
20201012_General_003_DOS_P_F20_MM_030_0424.jpg,0.3981481481481481,0.9308755760368664,11,50,-41,310,321,121,171,162,best
20201012_General_003_DOS_P_F20_MM_030_0436.jpg,0.4245283018867924,0.9804878048780488,28,54,-44,307,335,127,181,171,best
20201012_General_005_DOC_P_F20_MM_025_0106.jpg,0.4901960784313725,0.8310502283105022,46,48,-87,310,356,117,165,204,best
20201012_General_005_DOC_P_F20_MM_025_0116.jpg,0.4851485148514851,0.8363636363636363,50,38,-85,305,355,115,153,200,best
20201012_General_005_DOC_P_F20_MM_025_0412.jpg,0.5816326530612245,0.8817733990147784,23,11,-40,276,299,98,109,138,best
20201012_General_005_DOC_P_F20_MM_025_0421.jpg,0.7411764705882353,0.9045226130653268,25,16,-42,253,278,83,99,125,best
20201012_General_005_DOC_P_F20_MM_026_0131.jpg,0.6082474226804123,0.8413461538461539,51,28,-60,278,329,93,121,153,best
20201012_General_005_DOC_P_F20_MM_026_0341.jpg,0.3963963963963964,1.4776119402985075,49,44,8,311,360,170,214,162,best
20201012_General_005_DOC_P_F20_MM_026_0342.jpg,0.4313725490196078,1.3790849673202614,40,19,-2,317,357,160,179,162,best
20201012_General_005_DOC_P_F20_MM_026_0343.jpg,0.4948453608247423,1.1954022988505748,32,27,-19,328,360,146,173,165,best
20201012_General_005_DOS_P_F20_MM_018_0498.jpg,0.6140350877192983,1.2670807453416149,78,7,-101,282,360,147,154,248,best
20201012_General_005_DOS_P_F20_MM_018_0499.jpg,0.4609375,1.314102564102564,66,-12,-27,293,359,162,150,189,best
20201012_General_005_DOS_P_F20_MM_018_0500.jpg,0.4566929133858268,1.3333333333333333,57,-11,-26,301,358,167,156,193,best
20201012_General_005_DOS_P_F20_MM_018_0501.jpg,0.4833333333333333,1.3202614379084967,56,-6,-27,302,358,169,163,196,best
20201012_General_005_DOS_P_F20_MM_018_0502.jpg,0.5043478260869565,1.2628205128205128,57,-2,-28,301,358,166,164,194,best
20201012_General_005_DOS_P_F20_MM_018_0503.jpg,0.5043478260869565,1.2341772151898731,53,-2,-26,305,358,169,167,195,best
20201012_General_005_DOS_P_F20_MM_018_0507.jpg,0.5178571428571429,1.1975308641975309,53,-3,-26,307,360,171,168,197,best
20201012_General_005_DOS_P_F20_MM_018_0508.jpg,0.4871794871794871,1.2389937106918238,52,-3,-24,308,360,173,170,197,best
20201012_General_005_DOS_P_F20_MM_018_0509.jpg,0.5221238938053098,1.225,50,-2,-23,308,358,172,170,195,best
20201012_General_005_DOS_P_F20_MM_018_0510.jpg,0.5363636363636364,1.1901840490797546,51,-1,-25,308,359,172,171,197,best
20201012_General_010_DOC_P_F20_MM_007_0103.jpg,0.3884892086330935,1.1675977653631284,38,36,-62,316,354,158,194,220,best
20201012_General_010_DOC_P_F20_MM_007_0104.jpg,0.475,1.03,26,28,-49,301,327,141,169,190,best
20201015_General_003_DOS_P_F20_MM_025_0350.jpg,0.5961538461538461,1.1607142857142858,75,-10,-37,286,361,138,128,175,best
20201015_General_003_DOS_P_F20_MM_025_1831.jpg,0.4403669724770642,1.0256410256410255,41,15,-50,320,361,150,165,200,best
20201015_General_003_DOS_P_F20_MM_025_1850.jpg,0.4423076923076923,0.9752475247524752,34,25,-57,319,353,142,167,199,best
20201015_General_003_DOS_P_F20_MM_025_2075.jpg,0.5617977528089888,0.7828054298642534,53,54,-119,309,362,115,169,234,best
20201015_General_003_DOS_P_F20_MM_027_0035.jpg,3.5,0.8196078431372549,82,135,-156,279,361,0,135,156,best
20201015_General_003_DOS_P_F20_MM_027_0428.jpg,0.7910447761194029,0.7692307692307693,49,61,-90,290,339,72,133,162,best
20201015_General_003_DOS_P_F20_MM_027_0429.jpg,0.5730337078651685,0.7939914163090128,24,34,-56,301,325,106,140,162,best
20201015_General_003_DOS_P_F20_MM_027_0570.jpg,0.5192307692307693,0.9219512195121952,47,36,-64,308,355,135,171,199,best
20201015_General_003_DOS_P_F20_MM_027_0861.jpg,0.5339805825242718,0.8798076923076923,4,16,-44,328,332,138,154,182,best
20201015_General_003_DOS_P_F20_MM_028_0567.jpg,0.4274809160305343,1.2363636363636363,12,-6,16,305,317,177,171,161,best
20201015_General_003_DOS_P_F20_MM_028_0568.jpg,0.4230769230769231,1.2378048780487805,27,-7,4,297,324,171,164,167,best
20201015_General_003_DOS_P_F20_MM_028_0569.jpg,0.4029850746268656,1.2035928143712575,36,5,0,296,332,170,175,170,best
20201015_General_003_DOS_P_F20_MM_028_0570.jpg,0.3909774436090225,1.1823529411764706,44,7,-10,297,341,164,171,174,best
20201015_General_003_DOS_P_F20_MM_028_0571.jpg,0.4166666666666667,1.16,45,8,-12,298,343,161,169,173,best
20201015_General_003_DOS_P_F20_MM_028_1000.jpg,0.3953488372093023,1.2095808383233533,72,24,-111,289,361,143,167,254,best
20201015_General_005_DOS_P_F20_MM_007_3646.jpg,0.5,1.0050251256281406,30,8,-46,311,341,149,157,195,best
20201015_General_005_DOS_P_F20_MM_007_3707.jpg,0.5315315315315315,0.9803921568627452,24,-13,-49,299,323,126,113,175,best
20201015_General_005_DOS_P_F20_MM_020_0351.jpg,0.5254237288135594,1.1016949152542372,18,-5,-25,267,285,113,108,138,best
20201017_General_004_DOS_P_F20_MM_005_0062.jpg,0.5794392523364486,0.9797979797979798,17,35,-24,302,319,149,184,173,best
20201017_General_004_DOS_P_F20_MM_005_0063.jpg,0.5480769230769231,0.9414634146341464,10,33,-27,303,313,142,175,169,best
20201017_General_004_DOS_P_F20_MM_005_0064.jpg,0.5377358490566038,0.926829268292683,14,37,-21,301,315,146,183,167,best
20201017_General_004_DOS_P_F20_MM_005_0070.jpg,0.6170212765957447,0.8644859813084113,10,51,-39,299,309,129,180,168,best
20201017_General_004_DOS_P_F20_MM_005_0086.jpg,0.6170212765957447,0.8720379146919431,16,51,-40,294,310,134,185,174,best
20201017_General_004_DOS_P_F20_MM_005_0089.jpg,0.5978260869565217,0.8070175438596491,23,45,-72,297,320,111,156,183,best
20201017_General_008_DOC_P_F20_MM_011_0527.jpg,0.7777777777777778,0.9047619047619048,4,42,-52,235,239,60,102,112,best
20201017_General_008_DOC_P_F20_MM_011_0528.jpg,0.8194444444444444,0.9396984924623116,6,31,-43,231,237,64,95,107,best
20201017_General_008_DOC_P_F20_MM_011_0543.jpg,0.8028169014084507,0.9408866995073892,12,27,-38,233,245,68,95,106,best
20201017_General_008_DOC_P_F20_MM_011_0674.jpg,0.3739130434782609,1.2756410256410255,39,16,-2,319,358,207,223,209,best
20201017_General_008_DOC_P_F20_MM_011_0690.jpg,0.4351851851851852,1.1626506024096386,40,22,-18,319,359,190,212,208,best
20201017_General_008_DOC_P_F20_MM_011_0692.jpg,0.5046728971962616,1.1393939393939394,40,22,-18,316,356,188,210,206,best
20201017_General_008_DOC_P_F20_MM_011_0714.jpg,0.4814814814814814,1.0813953488372092,40,15,-15,313,353,185,200,200,best
20201017_General_008_DOC_P_F20_MM_013_0770.jpg,0.4653465346534653,0.8807339449541285,-8,45,-37,321,313,120,165,157,best
20201017_General_008_DOC_P_F20_MM_013_0771.jpg,0.4897959183673469,0.867579908675799,-8,44,-37,321,313,120,164,157,best
20201017_General_008_DOC_P_F20_MM_013_0783.jpg,0.5104166666666666,0.8603603603603603,-9,44,-37,321,312,117,161,154,best
20201017_General_008_DOC_P_F20_MM_013_0792.jpg,0.5104166666666666,0.8377192982456141,-8,40,-39,321,313,116,156,155,best
20201017_General_008_DOC_P_F20_MM_013_0795.jpg,0.5204081632653061,0.8348214285714286,-8,37,-40,319,311,117,154,157,best
20201017_General_008_DOC_P_F20_MM_013_0798.jpg,0.5360824742268041,0.8177777777777778,-4,33,-41,316,312,118,151,159,best
20201017_General_008_DOC_P_F20_MM_013_0799.jpg,0.5257731958762887,0.8097345132743363,-5,32,-41,317,312,119,151,160,best
20201017_General_008_DOC_P_F20_MM_013_0800.jpg,0.53125,0.8125,-4,32,-42,317,313,120,152,162,best
20201017_General_008_DOC_P_F20_MM_013_0801.jpg,0.51,0.8053097345132744,-4,31,-43,319,315,120,151,163,best
20201017_General_008_DOC_P_F20_MM_013_0806.jpg,0.5102040816326531,0.7955555555555556,0,30,-45,317,317,121,151,166,best
20201017_General_008_DOC_P_F20_MM_013_0807.jpg,0.5154639175257731,0.8009049773755657,0,29,-47,318,318,122,151,169,best
20201017_General_008_DOC_P_F20_MM_013_0808.jpg,0.5257731958762887,0.7857142857142857,2,29,-50,318,320,122,151,172,best
20201017_General_008_DOC_P_F20_MM_013_0813.jpg,0.5531914893617021,0.7733333333333333,3,31,-55,318,321,119,150,174,best
20201017_General_008_DOC_P_F20_MM_013_0814.jpg,0.5591397849462365,0.7543859649122807,3,34,-59,318,321,116,150,175,best
20201017_General_008_DOC_P_F20_MM_013_0822.jpg,0.5425531914893617,0.7565217391304347,2,30,-59,318,320,114,144,173,best
20201017_General_008_DOC_P_F20_MM_013_0823.jpg,0.5319148936170213,0.7608695652173914,2,30,-60,318,320,113,143,173,best
20201017_General_008_DOC_P_F20_MM_013_0826.jpg,0.5473684210526316,0.7554585152838428,5,26,-62,320,325,115,141,177,best
20201017_General_008_DOC_P_F20_MM_013_0931.jpg,0.6578947368421053,0.8146341463414634,6,35,-56,325,331,147,182,203,best
20201017_General_008_DOC_P_F20_MM_013_0942.jpg,0.53125,0.8095238095238095,9,36,-48,321,330,145,181,193,best
20201017_General_008_DOC_P_F20_MM_013_0966.jpg,0.44,0.8293838862559242,2,36,-47,318,320,132,168,179,best
20201017_General_008_DOC_P_F20_MM_013_0977.jpg,0.5268817204301075,0.7844036697247706,-2,40,-51,316,314,124,164,175,best
20201017_General_008_DOC_P_F20_MM_013_0978.jpg,0.4947368421052631,0.7899543378995434,-3,32,-46,314,311,126,158,172,best
20201017_General_008_DOC_P_F20_MM_013_0979.jpg,0.5053763440860215,0.7782805429864253,-5,31,-49,312,307,120,151,169,best
20201017_General_008_DOC_P_F20_MM_013_0980.jpg,0.5,0.7702702702702703,0,30,-51,310,310,122,152,173,best
20201017_General_008_DOC_P_F20_MM_013_1320.jpg,0.3225806451612903,4.166666666666667,69,0,6,218,287,145,145,139,best
20201017_General_008_DOC_P_F20_MM_013_1330.jpg,0.6521739130434783,1.5546875,59,37,-41,246,305,112,149,153,best
20201017_General_008_DOC_P_F20_MM_013_1331.jpg,0.7647058823529411,1.3356164383561644,52,23,-37,262,314,125,148,162,best
20201017_General_008_DOC_P_F20_MM_014_0075.jpg,0.375,1.196629213483146,35,9,-29,324,359,162,171,191,best
20201017_General_008_DOC_P_F20_MM_014_0076.jpg,0.4130434782608695,1.035175879396985,34,19,-47,324,358,144,163,191,best
20201017_General_008_DOC_P_F20_MM_014_0077.jpg,0.4320987654320987,0.984126984126984,35,21,-49,322,357,151,172,200,best
20201017_General_008_DOC_P_F20_MM_014_0078.jpg,0.4935064935064935,1.0256410256410255,40,24,-53,318,358,151,175,204,best
20201017_General_008_DOC_P_F20_MM_014_0079.jpg,0.4285714285714285,1.0,38,22,-58,319,357,137,159,195,best
20201017_General_008_DOC_P_F20_MM_014_0080.jpg,0.4105263157894737,0.9853658536585366,38,20,-58,319,357,137,157,195,best
20201017_General_008_DOC_P_F20_MM_014_0081.jpg,0.5466666666666666,1.1636363636363636,30,12,-49,327,357,179,191,228,best
20201017_General_008_DOC_P_F20_MM_014_0082.jpg,0.4883720930232558,1.1420454545454546,32,11,-52,328,360,168,179,220,best
20201017_General_008_DOC_P_F20_MM_014_0083.jpg,0.5176470588235295,1.1067415730337078,32,12,-52,328,360,170,182,222,best
20201017_General_008_DOC_P_F20_MM_014_0086.jpg,0.4299065420560747,1.0864864864864865,34,11,-54,326,360,160,171,214,best
20201017_General_008_DOC_P_F20_MM_014_0100.jpg,0.5779816513761468,1.032967032967033,51,24,-59,308,359,148,172,207,best
20201017_General_008_DOC_P_F20_MM_014_0102.jpg,0.4583333333333333,1.1812865497076024,52,31,-57,305,357,145,176,202,best
20201017_General_008_DOC_P_F20_MM_014_0107.jpg,0.4583333333333333,1.1277777777777778,50,34,-60,309,359,140,174,200,best
20201017_General_008_DOC_P_F20_MM_014_0119.jpg,0.4786324786324786,1.1263736263736264,45,32,-59,313,358,141,173,200,best
20201017_General_008_DOC_P_F20_MM_014_0125.jpg,0.4700854700854701,1.112994350282486,47,30,-63,313,360,144,174,207,best
20201017_General_008_DOC_P_F20_MM_015_0277.jpg,0.76,1.056818181818182,-6,40,-33,218,212,59,99,92,best
20201017_General_008_DOC_P_F20_MM_015_0319.jpg,0.8028169014084507,1.0163934426229508,-5,42,-34,220,215,60,102,94,best
20201017_General_010_DOR_P_F20_MM_026_0681.jpg,0.4598540145985401,1.1744186046511629,24,22,13,287,311,151,173,138,best
20201020_General_003_DOC_P_F20_MM_010_1630.jpg,0.6633663366336634,0.9587628865979382,36,12,-39,307,343,139,151,178,best
20201020_General_003_DOC_P_F20_MM_010_1637.jpg,0.6530612244897959,0.8939393939393939,45,9,-61,312,357,133,142,194,best
20201020_General_003_DOC_P_F20_MM_010_1644.jpg,0.6326530612244898,0.8762376237623762,50,5,-63,310,360,130,135,193,best
20201020_General_003_DOC_P_F20_MM_010_3046.jpg,0.5858585858585859,0.751131221719457,38,36,-90,302,340,123,159,213,best
20201020_General_003_DOC_P_F20_MM_010_3055.jpg,0.5408163265306123,0.8076923076923077,29,37,-81,302,331,132,169,213,best
20201020_General_003_DOS_P_F20_MM_006_0528.jpg,0.5425531914893617,0.9428571428571428,24,21,-33,264,288,97,118,130,best
20201020_General_003_DOS_P_F20_MM_006_0548.jpg,0.5666666666666667,0.912442396313364,22,25,-34,259,281,84,109,118,best
20201020_General_003_DOS_P_F20_MM_006_0973.jpg,0.6986301369863014,0.8715596330275229,15,35,-24,244,259,72,107,96,best
20201020_General_003_DOS_P_F20_MM_006_1093.jpg,0.6714285714285714,1.1923076923076923,68,-14,-113,292,360,145,131,258,best
20201020_General_003_DOS_P_F20_MM_006_1298.jpg,0.2928571428571428,1.4172185430463575,19,13,11,324,343,178,191,167,best
20201020_General_003_DOS_P_F20_MM_006_1299.jpg,0.3153846153846154,1.2754491017964071,21,22,0,323,344,168,190,168,best
20201020_General_003_DOS_P_F20_MM_006_1361.jpg,0.4067796610169492,1.2034883720930232,33,14,-12,312,345,164,178,176,best
20201020_General_003_DOS_P_F20_MM_006_1734.jpg,0.3488372093023256,1.3666666666666667,51,41,-61,307,358,152,193,213,best
20201020_General_003_DOS_P_F20_MM_006_1755.jpg,0.3821138211382114,1.193939393939394,53,46,-66,307,360,146,192,212,best
20201020_General_003_DOS_P_F20_MM_006_2044.jpg,0.5480769230769231,1.0326086956521738,37,7,-48,323,360,145,152,193,best
20201020_General_003_DOS_P_F20_MM_006_2045.jpg,0.4862385321100917,0.946808510638298,40,6,-63,320,360,146,152,209,best
20201020_General_003_DOS_P_F20_MM_006_2046.jpg,0.4811320754716981,0.9627659574468084,37,8,-60,322,359,146,154,206,best
20201020_General_003_DOS_P_F20_MM_006_2079.jpg,0.5684210526315789,0.93717277486911,38,3,-65,321,359,145,148,210,best
20201020_General_003_DOS_P_F20_MM_006_2102.jpg,0.4230769230769231,0.9842931937172776,49,21,-87,311,360,128,149,215,best
20201020_General_003_DOS_P_F20_MM_006_2110.jpg,0.4851485148514851,0.9528795811518324,47,7,-74,313,360,145,152,219,best
20201020_General_003_DOS_P_F20_MM_006_5065.jpg,0.4074074074074074,1.04,48,43,-59,313,361,152,195,211,best
20201020_General_003_DOS_P_F20_MM_006_5306.jpg,0.4766355140186916,0.8737373737373737,29,7,-45,315,344,158,165,203,best
20201020_General_003_DOS_P_F20_MM_011_0782.jpg,0.7439024390243902,1.5806451612903225,63,-2,-82,250,313,119,117,201,best
20201020_General_003_DOS_P_F20_MM_012_0507.jpg,0.5126050420168067,1.254054054054054,15,31,3,320,335,167,198,164,best
20201020_General_003_DOS_P_F20_MM_012_0666.jpg,0.504424778761062,1.1741573033707866,50,28,-57,309,359,147,175,204,best
20201020_General_003_DOS_P_F20_MM_015_0188.jpg,0.5294117647058824,0.9330143540669856,16,22,-9,242,258,85,107,94,best
20201020_General_003_DOS_P_F20_MM_015_0607.jpg,0.3571428571428571,1.689922480620155,15,-3,59,322,337,214,211,155,best
20201020_General_003_DOS_P_F20_MM_015_0612.jpg,0.3591549295774648,1.3790849673202614,18,12,16,324,342,185,197,169,best
20201128_General_021_DIS_S_F20_MM_001_1610.jpg,0.5402298850574713,0.9,59,-9,-99,301,360,118,109,217,best
20201128_General_021_DIS_S_F20_MM_001_1955.jpg,0.5102040816326531,0.9184782608695652,47,12,-95,313,360,129,141,224,best
20201128_General_021_DIS_S_F20_MM_001_2364.jpg,0.5252525252525253,0.8888888888888888,37,7,-86,322,359,140,147,226,best
20201128_General_021_DIS_S_F20_MM_001_2746.jpg,0.5463917525773195,0.9281767955801103,47,15,-101,313,360,128,143,229,best
20201128_General_021_DIS_S_F20_MM_001_3175.jpg,0.4903846153846153,0.8756476683937824,38,32,-104,321,359,117,149,221,best
20201128_General_021_DIS_S_F20_MM_001_3181.jpg,0.51,0.8673469387755102,34,20,-87,326,360,129,149,216,best
20201128_General_021_DIS_S_F20_MM_001_4308.jpg,0.4158415841584158,0.9210526315789472,38,10,-92,321,359,126,136,218,best
20201128_General_021_DIS_S_F20_MM_001_4309.jpg,0.3823529411764705,0.9267015706806284,40,7,-97,320,360,124,131,221,best
20201128_General_021_DIS_S_F20_MM_001_4310.jpg,0.41,0.9114583333333334,40,7,-102,320,360,122,129,224,best
20201128_General_021_DIS_S_F20_MM_001_5854.jpg,0.4489795918367347,0.9162303664921466,42,9,-104,318,360,119,128,223,best
20201128_General_021_DIS_S_F20_MM_001_6213.jpg,0.4639175257731959,0.9351351351351352,41,5,-102,319,360,125,130,227,best
20201128_General_021_DIS_S_F20_MM_001_6604.jpg,0.4711538461538461,0.8383838383838383,27,11,-95,333,360,133,144,228,best
20201128_General_021_DIS_S_F20_MM_001_7697.jpg,0.4565217391304347,0.8308457711442786,37,25,-114,323,360,112,137,226,best
20201128_General_021_DIS_S_F20_MM_001_7698.jpg,0.4301075268817204,0.8527918781725888,38,26,-115,322,360,114,140,229,best
20201128_General_021_DIS_S_F20_MM_001_8813.jpg,0.3518518518518518,0.7793427230046949,22,32,-112,336,358,120,152,232,best
20201128_General_021_DIS_S_F20_MM_001_9912.jpg,0.3119266055045872,0.7706422018348624,17,37,-108,337,354,114,151,222,best
20201128_General_021_DIS_S_F20_MM_002_2240.jpg,0.3181818181818182,0.7793427230046949,26,37,-115,334,360,114,151,229,best
20201128_General_021_DIS_S_F20_MM_002_2241.jpg,0.3027522935779816,0.7904761904761904,29,36,-115,331,360,114,150,229,best
20201128_General_021_DIS_S_F20_MM_002_2249.jpg,0.3333333333333333,0.7735849056603774,25,32,-108,335,360,120,152,228,best
20201128_General_021_DIS_S_F20_MM_002_2617.jpg,0.3796296296296296,0.7488372093023256,17,21,-91,329,346,124,145,215,best
20201128_General_021_DIS_S_F20_MM_002_3835.jpg,0.4150943396226415,0.7630331753554502,24,23,-97,333,357,129,152,226,best
20201128_General_021_DIS_S_F20_MM_002_3840.jpg,0.419047619047619,0.7655502392344498,24,25,-97,335,359,129,154,226,best
20201128_General_021_DIS_S_F20_MM_002_4567.jpg,0.4128440366972477,0.7766990291262136,21,25,-90,335,356,133,158,223,best
20201128_General_021_DIS_S_F20_MM_002_4939.jpg,0.4128440366972477,0.7571428571428571,23,25,-95,336,359,130,155,225,best
20201128_General_021_DIS_S_F20_MM_002_4945.jpg,0.4205607476635514,0.7488151658767772,23,21,-98,335,358,128,149,226,best
20201128_General_017_DIS_S_F20_MM_001_0367.jpg,0.7407407407407407,0.8851674641148325,-23,5,-61,326,303,108,113,169,good
20201128_General_017_DIS_S_F20_MM_001_0919.jpg,0.5982905982905983,0.8638743455497382,2,-6,-62,327,329,145,139,207,good
20201128_General_017_DIS_S_F20_MM_001_1999.jpg,0.55,0.8140703517587939,18,-12,-59,329,347,145,133,204,good
20201128_General_017_DIS_S_F20_MM_001_2000.jpg,0.4958677685950413,0.8291457286432161,2,-10,-68,333,335,135,125,203,good
20201128_General_017_DIS_S_F20_MM_001_2608.jpg,0.4833333333333333,0.8615384615384616,19,-9,-82,332,351,129,120,211,good
20201128_General_017_DIS_S_F20_MM_001_4636.jpg,0.4262295081967213,0.8636363636363636,27,-1,-92,333,360,128,127,220,good
20201128_General_017_DIS_S_F20_MM_001_4943.jpg,0.4396551724137931,0.855,37,9,-104,322,359,114,123,218,good
20201128_General_017_DIS_S_F20_MM_001_5336.jpg,0.4859813084112149,0.8341463414634146,37,12,-93,322,359,114,126,207,good
20201128_General_017_DIS_S_F20_MM_001_5337.jpg,0.5047619047619047,0.8151658767772512,36,13,-93,324,360,111,124,204,good
20201128_General_017_DIS_S_F20_MM_001_6319.jpg,0.4615384615384615,0.8349056603773585,31,21,-87,327,358,117,138,204,good
20201128_General_017_DIS_S_F20_MM_001_6726.jpg,0.4375,0.8480392156862745,40,29,-103,320,360,113,142,216,good
20201128_General_017_DIS_S_F20_MM_001_9334.jpg,0.4245283018867924,0.8277511961722488,60,22,-116,299,359,101,123,217,good
20201128_General_017_DIS_S_F20_MM_001_9768.jpg,0.4414414414414414,0.8186046511627907,40,20,-114,320,360,103,123,217,good
20201128_General_017_DIS_S_F20_MM_002_1334.jpg,0.417391304347826,0.84688995215311,21,12,-95,327,348,114,126,209,good
20201128_General_017_DIS_S_F20_MM_002_2078.jpg,0.4230769230769231,0.8148148148148148,11,25,-94,330,341,117,142,211,good
20201128_General_018_DIS_S_M20_MM_001_0543.jpg,0.3305785123966942,0.9292929292929292,9,54,-30,318,327,150,204,180,good
20201128_General_018_DIS_S_M20_MM_001_0544.jpg,0.3412698412698413,0.9685863874345548,16,59,-32,317,333,157,216,189,good
20201128_General_018_DIS_S_M20_MM_001_2824.jpg,0.4035087719298245,0.9396984924623116,18,52,-41,314,332,144,196,185,good
20201128_General_018_DIS_S_M20_MM_001_4049.jpg,0.4336283185840708,0.9393939393939394,20,44,-38,313,333,149,193,187,good
20201128_General_018_DIS_S_M20_MM_001_4589.jpg,0.4260869565217391,0.964102564102564,17,44,-36,312,329,147,191,183,good
20201128_General_018_DIS_S_M20_MM_001_5056.jpg,0.4434782608695652,0.949238578680203,20,44,-44,314,334,145,189,189,good
20201128_General_018_DIS_S_M20_MM_001_5603.jpg,0.4347826086956521,0.9353233830845772,21,48,-51,317,338,141,189,192,good
20201128_General_018_DIS_S_M20_MM_001_6167.jpg,0.4594594594594595,0.9447236180904522,19,45,-45,313,332,145,190,190,good
20201128_General_018_DIS_S_M20_MM_001_6169.jpg,0.4642857142857143,0.9593908629441624,16,43,-41,313,329,147,190,188,good
20201128_General_018_DIS_S_M20_MM_001_6690.jpg,0.4684684684684684,0.9402985074626866,12,43,-42,313,325,143,186,185,good
20201128_General_018_DIS_S_M20_MM_001_7771.jpg,0.495575221238938,0.9405940594059404,26,42,-48,312,338,137,179,185,good
20201128_General_018_DIS_S_M20_MM_001_8589.jpg,0.4830508474576271,0.9601990049751244,28,42,-54,315,343,139,181,193,good
20201128_General_018_DIS_S_M20_MM_001_9636.jpg,0.4628099173553719,0.97,34,46,-63,320,354,142,188,205,good
20201128_General_018_DIS_S_M20_MM_002_0912.jpg,0.4873949579831932,0.965,28,40,-53,316,344,142,182,195,good
20201128_General_018_DIS_S_M20_MM_002_3494.jpg,0.6216216216216216,1.0274725274725274,57,-3,-58,302,359,146,143,204,good
20201128_General_018_DIS_S_M20_MM_002_4047.jpg,0.6857142857142857,0.9744897959183674,44,-5,-51,311,355,144,139,195,good
20201128_General_018_DIS_S_M20_MM_002_5171.jpg,0.5504587155963303,0.9801980198019802,12,50,-45,313,325,135,185,180,good
20201128_General_018_DIS_S_M20_MM_002_5175.jpg,0.4690265486725664,1.0205128205128204,11,47,-45,316,327,143,190,188,good
20201128_General_018_DIS_S_M20_MM_002_7649.jpg,0.4444444444444444,1.0259067357512954,22,48,-46,316,338,146,194,192,good
20201128_General_022_DIS_S_M20_MM_001_0975.jpg,0.4579439252336448,0.8018867924528302,30,35,-84,326,356,134,169,218,good
20201128_General_022_DIS_S_M20_MM_001_3000.jpg,0.5196078431372549,0.8398058252427184,29,33,-69,317,346,139,172,208,good
20201128_General_022_DIS_S_M20_MM_001_3328.jpg,0.4857142857142857,0.8636363636363636,30,31,-78,325,355,145,176,223,good
20201128_General_022_DIS_S_M20_MM_001_3822.jpg,0.4857142857142857,0.8781725888324873,24,31,-63,319,343,146,177,209,good
20201128_General_022_DIS_S_M20_MM_001_8688.jpg,0.6847826086956522,0.925531914893617,43,21,-106,317,360,116,137,222,good
20201128_General_022_DIS_S_M20_MM_001_9109.jpg,0.7926829268292683,0.9067357512953368,45,17,-99,315,360,124,141,223,good
20201128_General_022_DIS_S_M20_MM_001_9112.jpg,0.7065217391304348,0.9779005524861878,44,14,-106,316,360,128,142,234,good
20201128_General_022_DIS_S_M20_MM_002_0910.jpg,0.6451612903225806,1.0223463687150838,35,-1,-92,325,360,139,138,231,good
20201128_General_022_DIS_S_M20_MM_002_1256.jpg,0.686046511627907,1.0284090909090908,53,15,-115,307,360,120,135,235,good
20201128_General_022_DIS_S_M20_MM_002_2723.jpg,0.5402298850574713,0.8078602620087336,20,43,-67,296,316,116,159,183,good
20201128_General_022_DIS_S_M20_MM_002_3025.jpg,0.4272727272727272,0.926829268292683,25,45,-58,309,334,135,180,193,good
20201128_General_022_DIS_S_M20_MM_002_3029.jpg,0.4363636363636363,0.926829268292683,15,47,-42,313,328,144,191,186,good
20201128_General_022_DIS_S_M20_MM_002_4988.jpg,0.4392523364485981,0.926829268292683,17,44,-57,316,333,134,178,191,good
20201128_General_022_DIS_S_M20_MM_002_4989.jpg,0.4324324324324324,0.9215686274509804,14,42,-55,318,332,135,177,190,good
20201128_General_022_DIS_S_M20_MM_002_5338.jpg,0.4545454545454545,0.916256157635468,16,55,-46,312,328,141,196,187,good
20201128_General_022_DIS_S_M20_MM_002_7397.jpg,0.4770642201834862,0.9211822660098522,15,45,-44,318,333,139,184,183,good
20201128_General_025_DIS_S_F20_MT_001_0005.jpg,0.4857142857142857,0.8300970873786407,30,32,-92,329,359,129,161,221,good
20201128_General_025_DIS_S_F20_MT_001_1076.jpg,0.4495412844036697,0.8316831683168316,30,41,-92,330,360,129,170,221,good
20201128_General_025_DIS_S_F20_MT_001_5202.jpg,0.4553571428571428,0.8431372549019608,30,24,-93,330,360,125,149,218,good
20201128_General_025_DIS_S_F20_MT_002_0537.jpg,0.6404494382022472,0.945945945945946,59,-11,-113,301,360,111,100,224,good
20201128_General_025_DIS_S_F20_MT_002_1664.jpg,0.4615384615384615,0.8636363636363636,40,8,-121,320,360,126,134,247,good
20201128_General_025_DIS_S_F20_MT_002_2428.jpg,0.3783783783783784,0.8309178743961353,27,27,-105,331,358,121,148,226,good
20201128_General_025_DIS_S_F20_MT_002_4667.jpg,0.4205607476635514,0.7819905213270142,14,19,-93,333,347,126,145,219,good
20201128_General_025_DIS_S_F20_MT_002_5002.jpg,0.33,0.8277511961722488,16,77,-118,340,356,107,184,225,good
20201128_General_025_DIS_S_F20_MT_002_5111.jpg,0.3333333333333333,0.8246445497630331,15,43,-107,340,355,115,158,222,good
20201128_General_025_DIS_S_F20_MT_002_5116.jpg,0.3465346534653465,0.8151658767772512,20,31,-101,340,360,118,149,219,good
20201128_General_025_DIS_S_F20_MT_002_5711.jpg,0.39,0.8018867924528302,19,30,-101,341,360,115,145,216,good
20201128_General_025_DIS_S_F20_MT_002_5856.jpg,0.4117647058823529,0.8267326732673267,24,24,-99,336,360,123,147,222,good
20201128_General_025_DIS_S_F20_MT_002_5996.jpg,0.4271844660194174,0.8067632850241546,21,35,-99,339,360,123,158,222,good
20201128_General_025_DIS_S_F20_MT_002_6742.jpg,0.5208333333333334,0.8226600985221675,23,6,-104,337,360,129,135,233,good
20201116_General_002_DOS_A_F40_MM_024_0023.jpg,1.18,2.1797752808988764,89,-84,-4,269,358,194,110,198,normal
20201116_General_002_DOS_A_F40_MM_037_0024.jpg,0.6407766990291263,1.3904109589041096,120,18,-11,240,360,159,177,170,normal
20201116_General_002_DOS_A_F40_MM_038_0016.jpg,2.595238095238096,-4.976190476190476,-211,-82,280,251,40,360,278,80,normal
20201123_General_031_DOS_A_M30_MM_013_0061.jpg,-8.25,8.162162162162161,-28,-149,252,275,247,309,160,57,normal
20201123_General_031_DOS_A_M30_MM_034_0061.jpg,1.4230769230769231,5.974358974358975,45,-78,119,313,358,292,214,173,normal
20201123_General_031_DOS_A_M30_MM_034_0064.jpg,0.1956521739130435,2.072072072072072,23,-42,52,330,353,248,206,196,normal
20201123_General_031_DOS_A_M30_MM_035_0040.jpg,0.3170731707317073,1.637037037037037,18,1,62,317,335,241,242,179,normal
20201123_General_031_DOS_A_M30_MM_041_0037.jpg,0.4814814814814814,1.258823529411765,14,9,-29,305,319,134,143,163,normal
20201123_General_031_DOS_A_M30_MM_041_0038.jpg,0.4909090909090909,1.224242424242424,12,3,-22,302,314,142,145,164,normal
20201123_General_031_DOS_A_M30_MM_041_0044.jpg,0.5625,1.0851063829787233,43,44,-7,256,299,94,138,101,normal
20201123_General_031_DOS_A_M30_MM_041_0045.jpg,0.675,1.069148936170213,45,21,-9,219,264,72,93,81,normal
20201123_General_031_DOS_A_M30_MM_042_0048.jpg,0.3492063492063492,1.1494252873563218,29,50,-32,312,341,170,220,202,normal
20201123_General_031_DOS_A_M30_MM_042_0052.jpg,0.3076923076923077,1.0425531914893618,25,44,-49,308,333,148,192,197,normal
20201123_General_031_DOS_A_M30_MM_042_0058.jpg,0.3333333333333333,0.9743589743589745,23,60,-61,312,335,132,192,193,normal
20201123_General_031_DOS_A_M30_MM_042_0061.jpg,0.3928571428571428,0.953846153846154,20,61,-59,316,336,140,201,199,normal
20201123_General_031_DOS_A_M30_MM_042_0062.jpg,0.3333333333333333,0.983957219251337,20,56,-50,317,337,152,208,202,normal
20201123_General_031_DOS_A_M30_MM_042_0063.jpg,0.3275862068965517,1.0,21,61,-55,316,337,145,206,200,normal
20201123_General_031_DOS_A_M30_MM_042_0064.jpg,0.3157894736842105,0.958974358974359,24,55,-62,312,336,135,190,197,normal
20201123_General_031_DOS_A_M30_MM_042_0065.jpg,0.3423423423423423,0.9487179487179488,27,61,-66,312,339,132,193,198,normal
20201123_General_031_DOS_A_M30_MM_042_0066.jpg,0.3243243243243243,1.0217391304347827,23,62,-47,311,334,152,214,199,normal
20201123_General_031_DOS_A_M30_MM_043_0063.jpg,0.1574803149606299,0.963917525773196,-32,58,56,293,261,155,213,99,normal
20201123_General_031_DOS_A_M30_MM_045_0035.jpg,0.4222222222222222,1.0160427807486632,-12,-3,44,280,268,154,151,110,normal
20201123_General_031_DOS_A_M30_MM_045_0036.jpg,0.6625,1.010928961748634,-17,11,26,278,261,152,163,126,normal
20201123_General_031_DOS_A_M30_MM_045_0037.jpg,0.5853658536585366,1.0212765957446808,-25,6,26,281,256,153,159,127,normal
20201123_General_031_DOS_A_M30_MM_045_0038.jpg,0.3535353535353535,1.053475935828877,-17,2,30,286,269,162,164,132,normal
20201123_General_031_DOS_A_M30_MM_045_0039.jpg,0.4141414141414141,1.0481283422459893,-17,16,28,289,272,163,179,135,normal
20201123_General_031_DOS_A_M30_MM_051_0031.jpg,0.4482758620689655,1.0103092783505154,-31,20,46,284,253,158,178,112,normal
20201123_General_031_DOS_A_M30_MM_051_0032.jpg,0.2920353982300885,1.0685714285714285,-16,29,34,291,275,175,204,141,normal
20201123_General_031_DOS_A_M30_MM_051_0037.jpg,0.351063829787234,1.0335195530726258,-3,33,43,286,283,181,214,138,normal
20201123_General_031_DOS_A_M30_MM_051_0038.jpg,0.35,1.0520231213872833,-16,33,44,294,278,186,219,142,normal
20201125_General_042_DOS_A_M20_MS_004_0033.jpg,0.3949579831932773,1.0874316939890711,45,35,-39,305,350,168,203,207,normal
20201125_General_042_DOS_A_M20_MS_004_0034.jpg,0.4251968503937008,1.1111111111111112,43,27,-50,315,358,171,198,221,normal
20201125_General_042_DOS_A_M20_MS_006_0067.jpg,0.3289473684210526,1.243421052631579,16,4,-36,318,334,188,192,224,normal
20201125_General_042_DOS_A_M20_MS_019_0060.jpg,0.2528735632183908,0.990909090909091,64,91,-146,294,358,63,154,209,normal
20201125_General_042_DOS_A_M20_MS_020_0035.jpg,0.3652173913043478,1.2608695652173914,66,63,-133,285,351,110,173,243,normal
20201125_General_042_DOS_A_M20_MS_036_0017.jpg,0.525,1.21875,70,-7,-92,288,358,136,129,228,normal
20201125_General_042_DOS_A_M20_MS_038_0030.jpg,0.5368421052631579,1.2515337423312884,57,-33,-22,303,360,177,144,199,normal
20201125_General_042_DOS_A_M20_MS_038_0031.jpg,0.5555555555555556,1.6967213114754098,65,-35,-5,294,359,187,152,192,normal
20201125_General_042_DOS_A_M20_MS_038_0033.jpg,0.6122448979591837,2.0093457943925235,65,-46,-15,293,358,194,148,209,normal
20201125_General_042_DOS_A_M20_MS_038_0034.jpg,0.6262626262626263,2.104761904761905,67,-44,-14,292,359,195,151,209,normal
20201125_General_042_DOS_A_M20_MS_046_0016.jpg,0.358974358974359,2.853333333333333,68,-60,-10,291,359,213,153,223,normal
20201125_General_042_DOS_A_M20_MS_047_0008.jpg,0.4954128440366973,1.8303571428571428,72,-8,-69,288,360,164,156,233,normal
20201125_General_042_DOS_A_M20_MS_048_0015.jpg,0.3474576271186441,1.3612903225806452,57,19,-71,303,360,144,163,215,normal
20201125_General_042_DOS_A_M20_MS_048_0029.jpg,0.352,1.2453987730061349,42,9,-54,318,360,159,168,213,normal
20201125_General_042_DOS_A_M20_MS_049_0039.jpg,0.3636363636363636,1.0795454545454546,46,13,-41,314,360,153,166,194,normal
20201125_General_042_DOS_A_M20_MS_063_0004.jpg,0.094017094017094,1.0,44,40,-52,314,358,145,185,197,normal
20201125_General_042_DOS_A_M20_MS_070_0016.jpg,0.2807017543859649,1.0,52,80,-98,306,358,110,190,208,normal
20201125_General_042_DOS_A_M20_MS_071_0032.jpg,0.5354330708661418,0.905940594059406,51,26,-26,309,360,134,160,160,normal
20201125_General_043_DOS_A_M20_MS_005_0019.jpg,0.4132231404958678,1.0263157894736843,18,28,-66,330,348,130,158,196,normal
20201125_General_043_DOS_A_M20_MS_025_0028.jpg,0.5833333333333334,1.2148148148148148,67,-30,-31,291,358,168,138,199,normal
20201125_General_043_DOS_A_M20_MS_026_0010.jpg,0.4508196721311475,1.195121951219512,37,-21,-35,322,359,167,146,202,normal
20201125_General_043_DOS_A_M20_MS_036_0023.jpg,0.3178294573643411,1.1595744680851063,26,-6,-65,329,355,103,97,168,normal
20201125_General_043_DOS_A_M20_MS_036_0024.jpg,0.3515625,1.2640449438202248,50,-5,-44,310,360,127,122,171,normal
20201125_General_043_DOS_A_M20_MS_046_0029.jpg,0.8372093023255814,1.2972972972972974,71,6,-51,259,330,93,99,144,normal
20201125_General_043_DOS_A_M20_MS_046_0030.jpg,0.2133333333333333,1.3630573248407645,52,9,-27,298,350,158,167,185,normal
20201125_General_043_DOS_A_M20_MS_046_0035.jpg,0.1702127659574468,1.2386363636363635,50,23,-28,303,353,155,178,183,normal
20201125_General_043_DOS_A_M20_MS_046_0036.jpg,0.225563909774436,1.1899441340782122,48,15,-25,310,358,163,178,188,normal
20201125_General_043_DOS_A_M20_MS_047_0022.jpg,0.2846715328467153,1.294478527607362,13,40,34,305,318,187,227,153,normal
20201125_General_043_DOS_A_M20_MS_047_0023.jpg,0.2536231884057971,1.4,9,32,48,304,313,193,225,145,normal
20201125_General_043_DOS_A_M20_MS_055_0018.jpg,0.6966292134831461,1.9166666666666667,86,-34,3,272,358,160,126,157,normal
20201125_General_043_DOS_A_M20_MS_055_0019.jpg,0.453125,2.0185185185185186,82,-110,12,278,360,180,70,168,normal
20201125_General_043_DOS_A_M20_MS_055_0020.jpg,0.6842105263157895,2.009433962264151,72,-71,-7,287,359,190,119,197,normal
20201125_General_043_DOS_A_M20_MS_055_0021.jpg,0.5277777777777778,1.6846153846153846,75,-56,-14,283,358,159,103,173,normal
20201125_General_043_DOS_A_M20_MS_055_0022.jpg,0.6896551724137931,2.0588235294117645,60,-89,-1,300,360,210,121,211,normal
20201125_General_043_DOS_A_M20_MS_055_0025.jpg,0.5370370370370371,1.7950819672131149,73,-92,4,286,359,177,85,173,normal
20201125_General_043_DOS_A_M20_MS_057_0016.jpg,0.5288461538461539,1.83739837398374,59,-59,3,301,360,189,130,186,normal
20201125_General_043_DOS_A_M20_MS_076_0018.jpg,0.1639344262295081,1.4242424242424243,22,-9,34,302,324,184,175,150,normal
20201125_General_043_DOS_A_M20_MS_076_0019.jpg,0.1171171171171171,1.2459016393442623,18,13,28,308,326,170,183,142,normal
20201125_General_043_DOS_A_M20_MS_076_0020.jpg,0.2407407407407407,1.2383720930232558,21,2,18,301,322,171,173,153,normal
20201125_General_043_DOS_A_M20_MS_076_0021.jpg,0.2654867256637168,1.244186046511628,19,3,26,301,320,179,182,153,normal
20201125_General_043_DOS_A_M20_MS_076_0022.jpg,0.2564102564102564,1.2899408284023668,21,9,17,300,321,170,179,153,normal
20201125_General_043_DOS_A_M20_MS_077_0081.jpg,0.2797202797202797,1.125748502994012,-6,25,44,304,298,174,199,130,normal
20201125_General_043_DOS_A_M20_MS_077_0086.jpg,0.3043478260869565,1.0971428571428572,-13,23,56,305,292,175,198,119,normal
20201125_General_043_DOS_A_M20_MS_086_0022.jpg,0.2479338842975206,0.9897435897435898,45,33,-56,313,358,121,154,177,normal
20201125_General_043_DOS_A_M20_MS_087_0061.jpg,0.2753623188405797,1.096774193548387,2,25,1,303,305,140,165,139,normal
20201126_General_045_DOS_A_M30_MM_006_0073.jpg,0.746268656716418,1.088235294117647,68,-9,-146,290,358,80,71,226,normal
20201126_General_045_DOS_A_M30_MM_007_0065.jpg,0.5523809523809524,1.2028301886792452,2,19,-43,300,302,128,147,171,normal
20201126_General_045_DOS_A_M30_MM_007_0066.jpg,0.3980582524271844,0.9478672985781992,-16,21,-23,300,284,120,141,143,normal
20201126_General_045_DOS_A_M30_MM_007_0073.jpg,0.4166666666666667,0.9493087557603688,-24,21,-12,297,273,121,142,133,normal
20201126_General_045_DOS_A_M30_MM_008_0028.jpg,0.5486725663716814,0.9707602339181286,-19,14,18,300,281,180,194,162,normal
20201126_General_045_DOS_A_M30_MM_015_0045.jpg,0.9032258064516128,1.0483091787439611,19,-8,-10,325,344,155,147,165,normal
20201126_General_045_DOS_A_M30_MM_015_0046.jpg,0.6526315789473685,0.9528301886792452,-7,-3,-22,310,303,121,118,143,normal
20201126_General_045_DOS_A_M30_MM_022_0045.jpg,0.2755905511811024,1.434782608695652,39,15,-41,305,344,131,146,172,normal
20201126_General_045_DOS_A_M30_MM_022_0046.jpg,0.3220338983050847,1.302325581395349,31,21,-55,299,330,118,139,173,normal
20201126_General_045_DOS_A_M30_MM_022_0066.jpg,0.3361344537815126,1.0964467005076142,17,12,-53,308,325,112,124,165,normal
20201126_General_045_DOS_A_M30_MM_023_0049.jpg,0.2280701754385964,1.5547445255474452,-48,1,190,256,208,186,187,-4,normal
20201126_General_045_DOS_A_M30_MM_023_0050.jpg,0.3214285714285714,0.9074074074074074,-27,59,7,292,265,122,181,115,normal
20201126_General_045_DOS_A_M30_MM_027_0069.jpg,2.625,1.05,-77,2,77,270,193,182,184,105,normal
20201126_General_045_DOS_A_M30_MM_031_0066.jpg,0.6153846153846154,0.8853211009174312,-19,0,-6,301,282,117,117,123,normal
20201126_General_045_DOS_A_M30_MM_032_0067.jpg,0.2093023255813953,1.0282485875706215,-22,-24,39,326,304,188,164,149,normal
20201126_General_045_DOS_A_M30_MM_032_0073.jpg,0.4736842105263157,0.9375,-33,-40,53,307,274,186,146,133,normal
20201126_General_045_DOS_A_M30_MM_033_0045.jpg,0.2180451127819548,0.9333333333333332,-48,36,57,252,204,132,168,75,normal
20201126_General_045_DOS_A_M30_MM_033_0051.jpg,0.2230769230769231,0.9528795811518324,-55,54,52,252,197,127,181,75,normal
20201126_General_045_DOS_A_M30_MM_034_0045.jpg,0.3684210526315789,0.9794238683127572,-37,53,-27,246,209,72,125,99,normal
20201126_General_045_DOS_A_M30_MM_034_0046.jpg,0.2525252525252525,0.8888888888888888,-24,61,-33,270,246,94,155,127,normal
20201126_General_045_DOS_A_M30_MM_034_0047.jpg,0.2272727272727272,0.8493150684931506,-23,58,-26,281,258,102,160,128,normal
20201126_General_045_DOS_A_M30_MM_034_0048.jpg,0.2477064220183486,0.8719211822660099,-15,62,-38,266,251,98,160,136,normal
20201126_General_045_DOS_A_M30_MM_034_0049.jpg,0.25,0.8605769230769231,-19,64,-38,270,251,96,160,134,normal
20201126_General_045_DOS_A_M30_MM_034_0050.jpg,0.2777777777777778,0.8605769230769231,-19,63,-37,270,251,96,159,133,normal
20201126_General_045_DOS_A_M30_MM_034_0051.jpg,0.2142857142857142,0.8504672897196262,-22,64,-35,285,263,104,168,139,normal
20201126_General_045_DOS_A_M30_MM_034_0052.jpg,0.2410714285714285,0.8483412322274881,-22,65,-32,285,263,105,170,137,normal
20201126_General_045_DOS_A_M30_MM_034_0053.jpg,0.208695652173913,0.8433179723502304,-24,65,-30,292,268,107,172,137,normal
20201126_General_045_DOS_A_M30_MM_034_0054.jpg,0.2105263157894736,0.8465116279069768,-24,67,-28,287,263,104,171,132,normal
20201126_General_045_DOS_A_M30_MM_034_0055.jpg,0.2389380530973451,0.817351598173516,-28,66,-20,292,264,107,173,127,normal
20201126_General_045_DOS_A_M30_MM_034_0056.jpg,0.2162162162162162,0.8325581395348837,-27,62,-23,290,263,108,170,131,normal
20201126_General_045_DOS_A_M30_MM_034_0062.jpg,0.2201834862385321,0.861904761904762,-22,64,-31,275,253,99,163,130,normal
20201126_General_045_DOS_A_M30_MM_034_0063.jpg,0.2523364485981308,0.8537735849056604,-27,68,-31,277,250,99,167,130,normal
20201126_General_045_DOS_A_M30_MM_034_0069.jpg,0.2432432432432432,0.8840579710144928,-25,69,-28,273,248,97,166,125,normal
20201126_General_045_DOS_A_M30_MM_034_0070.jpg,0.2589285714285714,0.8672985781990521,-24,67,-25,276,252,101,168,126,normal
20201126_General_045_DOS_A_M30_MM_034_0071.jpg,0.2155172413793103,0.8685446009389671,-29,67,-20,288,259,107,174,127,normal
20201126_General_045_DOS_A_M30_MM_050_0047.jpg,0.7634408602150538,0.85,22,52,-84,337,359,146,198,230,normal
20201126_General_045_DOS_A_M30_MM_050_0048.jpg,0.5858585858585859,0.8894736842105263,10,27,-42,327,337,145,172,187,normal
20201126_General_045_DOS_A_M30_MM_050_0053.jpg,0.5333333333333333,0.8514851485148515,3,39,-49,330,333,123,162,172,normal
20201126_General_045_DOS_A_M30_MM_050_0065.jpg,0.5225225225225225,0.93717277486911,3,19,-39,325,328,126,145,165,normal
20201126_General_045_DOS_A_M30_MM_050_0070.jpg,0.4201680672268907,0.979591836734694,2,21,-49,324,326,125,146,174,normal
20201126_General_045_DOS_A_M30_MM_050_0071.jpg,0.4508196721311475,0.9744897959183674,9,25,-44,318,327,121,146,165,normal
20201126_General_045_DOS_A_M30_MM_050_0074.jpg,0.4838709677419355,0.8926829268292683,17,31,-40,324,341,121,152,161,normal
20201126_General_045_DOS_A_M30_MM_050_0075.jpg,0.4406779661016949,1.0103626943005182,20,26,-33,296,316,109,135,142,normal
20201126_General_045_DOS_A_M30_MM_065_0039.jpg,0.5888888888888889,0.7757847533632287,-4,6,12,299,295,139,145,127,normal
20201126_General_045_DOS_A_M30_MM_065_0044.jpg,0.4951456310679611,0.8666666666666667,-6,4,7,301,295,139,143,132,normal
20201126_General_045_DOS_A_M30_MM_065_0045.jpg,0.4519230769230769,0.8837209302325582,-8,10,-1,302,294,130,140,131,normal
20201126_General_045_DOS_A_M30_MM_065_0048.jpg,0.4716981132075472,0.8976744186046511,-11,14,-4,303,292,125,139,129,normal
20201126_General_045_DOS_A_M30_MM_073_0054.jpg,0.5517241379310345,1.0466321243523315,17,18,-84,277,294,97,115,181,normal
20201126_General_045_DOS_A_M30_MM_074_0031.jpg,0.5619047619047619,0.8423423423423423,-29,85,-8,283,254,105,190,113,normal
20201126_General_045_DOS_A_M30_MM_074_0036.jpg,0.4504504504504504,0.8160377358490566,-24,64,2,297,273,129,193,127,normal
20201126_General_045_DOS_A_M30_MM_074_0037.jpg,0.4298245614035088,0.8564593301435407,-29,67,-1,300,271,129,196,130,normal
20201126_General_045_DOS_A_M30_MM_074_0038.jpg,0.490566037735849,0.8557213930348259,-41,60,-1,301,260,134,194,135,normal
20201126_General_045_DOS_A_M30_MM_074_0039.jpg,0.4513274336283185,0.9025641025641026,-42,51,21,296,254,138,189,117,normal
20201126_General_045_DOS_A_M30_MM_074_0042.jpg,0.4727272727272727,0.8762376237623762,-45,43,12,296,251,132,175,120,normal
20201126_General_045_DOS_A_M30_MM_074_0043.jpg,0.5045871559633027,0.8535353535353535,-46,42,8,294,248,133,175,125,normal
20201126_General_045_DOS_A_M30_MM_074_0046.jpg,0.5229357798165137,0.8454106280193237,-47,38,7,296,249,134,172,127,normal
20201126_General_046_DOS_A_M30_MM_016_0033.jpg,0.2191780821917808,1.471264367816092,31,22,-105,313,344,166,188,271,normal
20201126_General_046_DOS_A_M30_MM_016_0034.jpg,0.5909090909090909,0.9877300613496932,39,5,-72,238,277,96,101,168,normal
20201126_General_046_DOS_A_M30_MM_022_0060.jpg,0.75,0.728744939271255,12,48,-82,285,297,64,112,146,normal
20201126_General_046_DOS_A_M30_MM_022_0064.jpg,0.8472222222222222,0.8061674008810573,19,8,-16,292,311,113,121,129,normal
20201126_General_046_DOS_A_M30_MM_023_0033.jpg,0.4130434782608695,0.925531914893617,66,59,-95,270,336,104,163,199,normal
20201126_General_046_DOS_A_M30_MM_023_0048.jpg,0.3225806451612903,0.9776536312849162,60,50,-91,267,327,98,148,189,normal
20201126_General_046_DOS_A_M30_MM_030_0046.jpg,0.4752475247524752,1.1146496815286624,71,31,-47,287,358,123,154,170,normal
20201126_General_046_DOS_A_M30_MM_030_0047.jpg,0.49,1.049079754601227,75,25,-94,277,352,99,124,193,normal
20201126_General_046_DOS_A_M30_MM_030_0052.jpg,0.5698924731182796,1.0828025477707006,76,29,-95,260,336,86,115,181,normal
20201126_General_046_DOS_A_M30_MM_030_0056.jpg,0.56,0.949438202247191,67,32,-111,293,360,101,133,212,normal
20201126_General_046_DOS_A_M30_MM_030_0065.jpg,0.5773195876288659,0.9772727272727272,66,2,-89,293,359,123,125,212,normal
20201126_General_046_DOS_A_M30_MM_031_0055.jpg,0.5376344086021505,0.9611111111111112,58,43,-109,302,360,135,178,244,normal
20201126_General_046_DOS_A_M30_MM_031_0063.jpg,0.3793103448275862,0.9640718562874252,56,51,-101,304,360,152,203,253,normal
20201126_General_046_DOS_A_M30_MM_031_0064.jpg,0.4313725490196078,0.9583333333333334,60,45,-96,299,359,151,196,247,normal
20201126_General_046_DOS_A_M30_MM_038_0014.jpg,0.3404255319148936,0.8677248677248677,64,55,-120,295,359,101,156,221,normal
20201126_General_046_DOS_A_M30_MM_038_0015.jpg,0.2783505154639175,0.8864864864864865,71,57,-125,288,359,86,143,211,normal
20201126_General_046_DOS_A_M30_MM_039_0020.jpg,0.3114754098360656,0.8901734104046243,53,60,-127,306,359,119,179,246,normal
20201126_General_046_DOS_A_M30_MM_039_0021.jpg,0.3275862068965517,0.8342857142857143,54,57,-125,302,356,116,173,241,normal
20201126_General_046_DOS_A_M30_MM_063_0025.jpg,0.375,0.788659793814433,32,30,-77,320,352,153,183,230,normal
20201126_General_046_DOS_A_M30_MM_063_0026.jpg,0.3813559322033898,0.8298969072164949,35,30,-86,319,354,148,178,234,normal
20201126_General_046_DOS_A_M30_MM_064_0024.jpg,0.4958677685950413,0.9565217391304348,20,56,-52,332,352,157,213,209,normal
20201126_General_046_DOS_A_M30_MM_072_0014.jpg,0.3275862068965517,0.9473684210526316,24,54,-81,293,317,113,167,194,normal
20201202_General_067_DOS_A_M50_SM_042_0035.jpg,0.6082474226804123,2.592592592592593,109,-32,-100,250,359,152,120,252,normal
20201202_General_067_DOS_A_M50_SM_042_0036.jpg,0.6559139784946236,2.367816091954023,107,-31,-99,253,360,154,123,253,normal
20201202_General_067_DOS_A_M50_SM_042_0037.jpg,0.6344086021505376,2.35632183908046,107,-27,-98,253,360,153,126,251,normal
20201202_General_067_DOS_A_M50_SM_042_0038.jpg,0.6344086021505376,2.3181818181818183,106,-25,-97,254,360,153,128,250,normal
20201202_General_067_DOS_A_M50_SM_042_0039.jpg,0.6413043478260869,2.3181818181818183,104,-26,-95,255,359,153,127,248,normal
20201202_General_067_DOS_A_M50_SM_042_0040.jpg,0.6444444444444445,2.2666666666666666,104,-26,-95,255,359,153,127,248,normal
20201202_General_067_DOS_A_M50_SM_042_0041.jpg,0.6741573033707865,2.21978021978022,107,-27,-96,253,360,151,124,247,normal
20201202_General_067_DOS_A_M50_SM_042_0042.jpg,0.6818181818181818,2.1739130434782608,104,-30,-91,256,360,155,125,246,normal
20201202_General_067_DOS_A_M50_SM_042_0043.jpg,0.6896551724137931,2.1052631578947367,106,-28,-89,254,360,155,127,244,normal
20201202_General_067_DOS_A_M50_SM_042_0044.jpg,0.6931818181818182,2.1630434782608696,103,-28,-86,257,360,158,130,244,normal
20201202_General_067_DOS_A_M50_SM_042_0045.jpg,0.6741573033707865,2.1630434782608696,103,-28,-82,257,360,161,133,243,normal
20201202_General_067_DOS_A_M50_SM_043_0029.jpg,0.4854368932038835,1.721311475409836,96,11,-85,263,359,141,152,226,normal
20201202_General_067_DOS_A_M50_SM_043_0033.jpg,0.4230769230769231,1.5217391304347827,96,21,-102,263,359,131,152,233,normal
20201202_General_067_DOS_A_M50_SM_043_0047.jpg,0.4,1.5,88,20,-91,271,359,143,163,234,normal
20201202_General_067_DOS_A_M50_SM_043_0052.jpg,0.3474576271186441,1.623076923076923,70,-1,-68,289,359,170,169,238,normal
20201202_General_067_DOS_A_M50_SM_044_0023.jpg,0.4962962962962963,1.3587786259541983,28,-22,22,326,354,215,193,193,normal
20201202_General_067_DOS_A_M50_SM_044_0024.jpg,0.5038759689922481,1.5982905982905984,50,-26,3,309,359,201,175,198,normal
20201202_General_067_DOS_A_M50_SM_044_0025.jpg,0.4961240310077519,1.7155172413793105,57,-14,5,303,360,191,177,186,normal
20201202_General_067_DOS_A_M50_SM_045_0052.jpg,0.3597122302158273,1.2727272727272727,19,40,34,299,318,204,244,170,normal
20201202_General_067_DOS_A_M50_SM_053_0015.jpg,0.6698113207547169,1.3714285714285714,35,-23,-68,325,360,179,156,247,normal
20201202_General_067_DOS_A_M50_SM_053_0016.jpg,0.6339285714285714,1.4296296296296296,33,-26,-15,322,355,190,164,205,normal
20201202_General_067_DOS_A_M50_SM_054_0012.jpg,0.4957264957264957,1.1976047904191616,87,44,-94,272,359,128,172,222,normal
20201202_General_067_DOS_A_M50_SM_070_0028.jpg,0.0380952380952381,1.130232558139535,68,58,-93,290,358,106,164,199,normal
20201202_General_067_DOS_A_M50_SM_071_0013.jpg,0.064,1.0459183673469388,12,67,-1,288,300,144,211,145,normal
20201202_General_067_DOS_A_M50_SM_077_0019.jpg,0.320754716981132,1.0056497175141244,87,43,-89,273,360,120,163,209,normal
20201202_General_067_DOS_A_M50_SM_077_0023.jpg,0.411214953271028,1.304635761589404,87,42,-96,272,359,123,165,219,normal
20201202_General_067_DOS_A_M50_SM_077_0026.jpg,0.415929203539823,1.303225806451613,87,47,-90,273,360,127,174,217,normal
20201203_General_069_DOS_A_M40_MM_013_0026.jpg,0.2586206896551724,1.17,13,64,-54,296,309,111,175,165,normal
20201203_General_069_DOS_A_M40_MM_021_0023.jpg,0.3873873873873873,1.09375,-36,38,-47,320,284,121,159,168,normal
20201203_General_069_DOS_A_M40_MM_021_0032.jpg,0.3818181818181818,0.9027777777777778,-19,49,-58,330,311,118,167,176,normal
20201203_General_069_DOS_A_M40_MM_021_0045.jpg,0.4074074074074074,0.8565022421524664,7,48,-53,321,328,119,167,172,normal
20201203_General_069_DOS_A_M40_MM_021_0046.jpg,0.4205607476635514,0.8915094339622641,7,28,-36,310,317,124,152,160,normal
20201203_General_069_DOS_A_M40_MM_021_0047.jpg,0.4433962264150943,0.919047619047619,14,28,-35,310,324,131,159,166,normal
20201203_General_069_DOS_A_M40_MM_021_0048.jpg,0.4519230769230769,0.8944954128440367,10,29,-45,307,317,121,150,166,normal
20201204_General_075_DOS_A_M40_MM_009_0002.jpg,0.5714285714285714,1.035294117647059,-24,-20,19,314,290,168,148,149,normal
20201204_General_075_DOS_A_M40_MM_010_0002.jpg,0.6161616161616161,1.1079545454545454,3,2,-22,318,321,174,176,196,normal
20201204_General_075_DOS_A_M40_MM_011_0002.jpg,0.4909090909090909,1.0552486187845305,8,14,-13,316,324,177,191,190,normal
20201204_General_075_DOS_A_M40_MM_012_0002.jpg,0.3786407766990291,1.1043956043956045,-2,-4,5,319,317,173,169,168,normal
20201204_General_075_DOS_A_M40_MM_017_0002.jpg,0.5204081632653061,1.3776223776223775,-90,-7,62,321,231,191,184,129,normal
20201204_General_075_DOS_A_M40_MM_018_0002.jpg,0.5491803278688525,1.1071428571428572,-18,3,4,313,295,173,176,169,normal
20201204_General_075_DOS_A_M40_MM_024_0002.jpg,1.1764705882352942,1.2289156626506024,25,1,41,324,349,190,191,149,normal
20201204_General_075_DOS_A_M40_MM_025_0002.jpg,0.8080808080808081,1.1352941176470588,-2,-10,28,307,305,177,167,149,normal
20201204_General_075_DOS_A_M40_MM_027_0002.jpg,0.3768115942028985,1.3506493506493509,-15,25,57,313,298,195,220,138,normal
20201204_General_075_DOS_A_M40_MM_033_0002.jpg,0.5765765765765766,1.0588235294117647,32,6,-42,327,359,130,136,172,normal
20201204_General_075_DOS_A_M40_MM_034_0002.jpg,0.3503649635036496,1.3801169590643274,-11,29,9,289,278,120,149,111,normal
20201204_General_075_DOS_A_M40_MM_041_0002.jpg,0.4705882352941176,1.3664921465968587,-7,17,27,308,301,119,136,92,normal
20201204_General_075_DOS_A_M40_MM_042_0002.jpg,0.6162790697674418,1.181818181818182,37,45,-30,317,354,117,162,147,normal
20201204_General_075_DOS_A_M40_MM_043_0006.jpg,10.5,1.7588652482269505,37,26,-47,305,342,180,206,227,normal
20201204_General_075_DOS_A_M40_MM_045_0006.jpg,0.2631578947368421,1.2615384615384615,-1,35,-12,313,312,139,174,151,normal
20201204_General_075_DOS_A_M40_MM_056_0004.jpg,0.3106060606060606,1.2272727272727273,2,16,-1,319,321,167,183,168,normal
20201204_General_075_DOS_A_M40_MM_061_0002.jpg,0.303030303030303,1.1694915254237288,37,24,23,322,359,177,201,154,normal
20201204_General_075_DOS_A_M40_MM_069_0007.jpg,0.0808080808080808,1.380281690140845,9,45,-56,316,325,121,166,177,normal
20201204_General_075_DOS_A_M40_MM_069_0008.jpg,0.2526315789473684,1.2604166666666667,8,14,-38,316,324,163,177,201,normal
20201204_General_075_DOS_A_M40_MM_069_0012.jpg,0.4117647058823529,1.123762376237624,16,35,-29,308,324,146,181,175,normal
20201130_General_058_DOS_A_M30_MM_008_0017.jpg,0.5368421052631579,0.757847533632287,-11,49,-21,326,315,137,186,158,bad
20201130_General_058_DOS_A_M30_MM_008_0023.jpg,0.4105263157894737,0.8811881188118812,-4,35,-28,321,317,148,183,176,bad
20201130_General_058_DOS_A_M30_MM_008_0028.jpg,0.3535353535353535,0.9104477611940298,-4,35,-35,322,318,145,180,180,bad
20201130_General_058_DOS_A_M30_MM_008_0029.jpg,0.3711340206185567,0.905940594059406,0,34,-44,320,320,142,176,186,bad
20201130_General_058_DOS_A_M30_MM_008_0032.jpg,0.3173076923076923,0.9353233830845772,1,34,-49,322,323,139,173,188,bad
20201130_General_058_DOS_A_M30_MM_008_0033.jpg,0.3366336633663366,0.9310344827586208,2,28,-48,320,322,135,163,183,bad
20201130_General_058_DOS_A_M30_MM_017_0029.jpg,0.3018867924528302,0.8991228070175439,26,59,-84,321,347,107,166,191,bad
20201130_General_058_DOS_A_M30_MM_017_0030.jpg,0.2962962962962963,0.8782608695652174,24,59,-84,322,346,104,163,188,bad
20201130_General_058_DOS_A_M30_MM_017_0051.jpg,0.2363636363636363,0.9,27,56,-79,321,348,111,167,190,bad
20201130_General_058_DOS_A_M30_MM_017_0054.jpg,0.2912621359223301,0.8803418803418803,36,59,-91,317,353,102,161,193,bad
20201130_General_058_DOS_A_M30_MM_018_0052.jpg,0.2689075630252101,0.9116022099447514,15,28,-52,333,348,170,198,222,bad
20201130_General_058_DOS_A_M30_MM_018_0053.jpg,0.2719298245614035,0.9723756906077348,9,26,-37,334,343,176,202,213,bad
20201130_General_058_DOS_A_M30_MM_018_0058.jpg,0.3035714285714285,0.9771428571428572,14,21,-31,332,346,180,201,211,bad
20201130_General_058_DOS_A_M30_MM_018_0068.jpg,0.2347826086956521,1.0171428571428571,14,20,-32,333,347,178,198,210,bad
20201130_General_058_DOS_A_M30_MM_018_0069.jpg,0.2649572649572649,1.0459770114942528,14,26,-47,334,348,172,198,219,bad
20201130_General_058_DOS_A_M30_MM_025_0032.jpg,-0.3018867924528302,1.5307262569832405,27,52,-122,332,359,145,197,267,bad
20201130_General_058_DOS_A_M30_MM_025_0033.jpg,-0.2045454545454545,1.2239583333333333,33,80,-172,327,360,112,192,284,bad
20201130_General_058_DOS_A_M30_MM_081_0006.jpg,0.055045871559633,0.8858447488584474,34,73,-94,324,358,135,208,229,bad
20201202_General_065_DOC_A_M40_MM_007_0040.jpg,0.3979591836734694,0.9188034188034188,-29,44,-23,309,280,119,163,142,bad
20201202_General_065_DOC_A_M40_MM_008_0055.jpg,0.4727272727272727,1.035,-23,52,-11,256,233,94,146,105,bad
20201202_General_065_DOC_A_M40_MM_016_0053.jpg,0.1976744186046511,0.9213973799126638,-13,86,-40,295,282,86,172,126,bad
20201203_General_074_DOS_A_M30_BM_001_0021.jpg,0.717948717948718,1.0235294117647058,7,-16,-35,312,319,147,131,182,bad
20201203_General_074_DOS_A_M30_BM_001_0022.jpg,0.594059405940594,1.0112994350282485,19,8,-39,330,349,157,165,196,bad
20201203_General_074_DOS_A_M30_BM_001_0023.jpg,0.58,1.0514285714285714,18,-20,-36,333,351,162,142,198,bad
20201203_General_074_DOS_A_M30_BM_001_0024.jpg,0.6875,1.2916666666666667,13,3,-37,271,284,118,121,155,bad
20201203_General_074_DOS_A_M30_BM_001_0025.jpg,0.7215189873417721,1.373134328358209,15,-8,-30,271,286,131,123,161,bad
20201203_General_074_DOS_A_M30_BM_001_0026.jpg,0.7176470588235294,1.421875,15,-15,-28,285,300,149,134,177,bad
20201203_General_074_DOS_A_M30_BM_001_0027.jpg,0.8181818181818182,1.5338983050847457,8,1,-27,262,270,132,133,159,bad
20201203_General_074_DOS_A_M30_BM_001_0028.jpg,0.84,1.4796747967479675,9,-11,-30,278,287,144,133,174,bad
20201203_General_074_DOS_A_M30_BM_001_0029.jpg,0.9420289855072465,1.547008547008547,6,-10,-22,263,269,139,129,161,bad
20201203_General_074_DOS_A_M30_BM_001_0030.jpg,0.6538461538461539,1.4477611940298507,6,1,-37,257,263,110,111,147,bad
20201203_General_074_DOS_A_M30_BM_001_0031.jpg,0.8169014084507042,1.492063492063492,2,-8,-22,260,262,134,126,156,bad
20201203_General_074_DOS_A_M30_BM_001_0032.jpg,0.7397260273972602,1.4074074074074074,3,-14,-22,260,263,125,111,147,bad
20201203_General_074_DOS_A_M30_BM_001_0033.jpg,0.7297297297297297,1.3857142857142857,2,-18,-23,263,265,123,105,146,bad
20201203_General_074_DOS_A_M30_BM_001_0034.jpg,0.6195652173913043,1.2037037037037035,-1,-22,-24,312,311,147,125,171,bad
20201203_General_074_DOS_A_M30_BM_002_0021.jpg,0.7349397590361446,0.896551724137931,17,19,-34,322,339,132,151,166,bad
20201203_General_074_DOS_A_M30_BM_002_0022.jpg,0.6226415094339622,0.8963730569948186,10,13,-72,325,335,140,153,212,bad
20201203_General_074_DOS_A_M30_BM_002_0023.jpg,0.5277777777777778,0.9606741573033708,-2,-2,-47,326,324,159,157,206,bad
20201203_General_074_DOS_A_M30_BM_002_0024.jpg,0.6494845360824743,0.8789473684210526,6,10,-58,322,328,145,155,203,bad
20201203_General_074_DOS_A_M30_BM_002_0025.jpg,0.6304347826086957,0.8783068783068783,5,3,-52,325,330,146,149,198,bad
20201203_General_074_DOS_A_M30_BM_002_0026.jpg,0.6373626373626373,0.8854166666666666,9,10,-55,324,333,140,150,195,bad
20201203_General_074_DOS_A_M30_BM_002_0027.jpg,0.6344086021505376,0.9095744680851064,12,5,-62,322,334,146,151,208,bad
20201203_General_074_DOS_A_M30_BM_002_0028.jpg,0.6976744186046512,0.8542713567839196,7,5,-67,325,332,140,145,207,bad
20201203_General_074_DOS_A_M30_BM_002_0029.jpg,0.7241379310344828,0.8571428571428571,4,12,-64,325,329,138,150,202,bad
20201203_General_074_DOS_A_M30_BM_002_0030.jpg,0.7586206896551724,0.8505154639175257,8,12,-63,323,331,141,153,204,bad
20201203_General_074_DOS_A_M30_BM_002_0031.jpg,0.6631578947368421,0.8978494623655914,9,14,-63,324,333,144,158,207,bad
20201203_General_074_DOS_A_M30_BM_002_0032.jpg,0.625,0.8894736842105263,8,14,-67,324,332,140,154,207,bad
20201203_General_074_DOS_A_M30_BM_002_0033.jpg,0.6354166666666666,0.8882978723404256,8,13,-65,322,330,139,152,204,bad
20201203_General_074_DOS_A_M30_BM_002_0034.jpg,0.6122448979591837,0.8894736842105263,9,10,-64,322,331,139,149,203,bad
20201203_General_074_DOS_A_M30_BM_002_0035.jpg,0.594059405940594,0.9135135135135136,8,9,-62,323,331,143,152,205,bad
20201203_General_074_DOS_A_M30_BM_002_0036.jpg,0.5918367346938775,0.9037433155080212,7,9,-60,324,331,143,152,203,bad
20201203_General_074_DOS_A_M30_BM_002_0037.jpg,0.6122448979591837,0.893048128342246,9,9,-57,322,331,144,153,201,bad
20201203_General_074_DOS_A_M30_BM_002_0038.jpg,0.6526315789473685,0.9021739130434784,9,7,-55,322,331,146,153,201,bad
20201203_General_074_DOS_A_M30_BM_002_0039.jpg,0.6458333333333334,0.8877005347593583,7,7,-55,322,329,145,152,200,bad
20201203_General_074_DOS_A_M30_BM_002_0040.jpg,0.7111111111111111,0.8770053475935828,6,8,-55,322,328,145,153,200,bad
20201203_General_074_DOS_A_M30_BM_002_0041.jpg,0.7159090909090909,0.8691099476439791,5,7,-52,322,327,144,151,196,bad
20201203_General_074_DOS_A_M30_BM_002_0042.jpg,0.7282608695652174,0.873015873015873,2,7,-53,324,326,143,150,196,bad
20201203_General_074_DOS_A_M30_BM_002_0043.jpg,0.7142857142857143,0.8842105263157894,1,5,-52,324,325,140,145,192,bad
20201203_General_074_DOS_A_M30_BM_002_0044.jpg,0.7142857142857143,0.8842105263157894,1,4,-52,324,325,140,144,192,bad
20201203_General_074_DOS_A_M30_BM_002_0045.jpg,0.7032967032967034,0.8947368421052632,2,4,-53,323,325,139,143,192,bad
20201203_General_074_DOS_A_M30_BM_003_0024.jpg,0.5232558139534884,0.8939393939393939,42,11,-33,296,338,159,170,192,bad
20201203_General_074_DOS_A_M30_BM_003_0025.jpg,0.55,0.8793969849246231,43,22,-37,297,340,164,186,201,bad
20201203_General_074_DOS_A_M30_BM_003_0029.jpg,0.4886363636363636,0.898936170212766,45,65,-30,297,342,163,228,193,bad
20201203_General_074_DOS_A_M30_BM_003_0030.jpg,0.5844155844155844,0.9548022598870056,45,74,-32,277,322,154,228,186,bad
20201203_General_074_DOS_A_M30_BM_003_0031.jpg,0.5584415584415584,0.9772727272727272,42,73,-30,276,318,156,229,186,bad
20201203_General_074_DOS_A_M30_BM_003_0033.jpg,0.6410256410256411,0.976470588235294,36,71,-34,272,308,147,218,181,bad
20201203_General_074_DOS_A_M30_BM_003_0035.jpg,0.620253164556962,0.9550561797752808,35,71,-39,284,319,149,220,188,bad
20201203_General_074_DOS_A_M30_BM_003_0036.jpg,0.6363636363636364,0.9606741573033708,47,69,-35,274,321,152,221,187,bad
20201203_General_074_DOS_A_M30_BM_003_0037.jpg,0.6282051282051282,0.9444444444444444,39,59,-39,280,319,150,209,189,bad
20201203_General_074_DOS_A_M30_BM_003_0038.jpg,0.5833333333333334,0.9606741573033708,39,49,-40,281,320,150,199,190,bad
20201203_General_074_DOS_A_M30_BM_010_0020.jpg,0.5428571428571428,1.1017964071856288,5,-13,3,339,344,178,165,175,bad
20201203_General_074_DOS_A_M30_BM_010_0021.jpg,0.5130434782608696,1.142011834319527,11,-2,-23,335,346,166,164,189,bad
20201203_General_074_DOS_A_M30_BM_010_0022.jpg,0.5904761904761905,1.130681818181818,16,-14,-35,335,351,155,141,190,bad
20201203_General_074_DOS_A_M30_BM_010_0023.jpg,0.4876033057851239,1.1764705882352942,12,-19,-32,339,351,164,145,196,bad
20201203_General_074_DOS_A_M30_BM_010_0024.jpg,0.4710743801652892,1.2035928143712575,18,-23,-36,333,351,164,141,200,bad
20201203_General_074_DOS_A_M30_BM_010_0025.jpg,0.4876033057851239,1.1764705882352942,15,-20,-35,336,351,161,141,196,bad
20201203_General_074_DOS_A_M30_BM_010_0026.jpg,0.4672131147540984,1.1428571428571428,15,-19,-36,336,351,159,140,195,bad
20201203_General_074_DOS_A_M30_BM_010_0027.jpg,0.4672131147540984,1.1371428571428572,12,-15,-37,336,348,156,141,193,bad
20201203_General_074_DOS_A_M30_BM_010_0028.jpg,0.5,1.1453488372093024,15,-23,-34,333,348,157,134,191,bad
20201203_General_074_DOS_A_M30_BM_010_0029.jpg,0.5,1.152046783625731,19,-25,-34,332,351,156,131,190,bad
20201203_General_074_DOS_A_M30_BM_010_0030.jpg,0.4765625,1.1453488372093024,20,-27,-34,332,352,156,129,190,bad
20201203_General_074_DOS_A_M30_BM_010_0031.jpg,0.4803149606299212,1.12,19,-30,-33,332,351,156,126,189,bad
20201203_General_074_DOS_A_M30_BM_010_0032.jpg,0.4809160305343511,1.1461988304093569,21,-28,-35,334,355,155,127,190,bad
20201203_General_074_DOS_A_M30_BM_010_0033.jpg,0.465648854961832,1.152046783625731,22,-26,-37,334,356,154,128,191,bad
20201203_General_074_DOS_A_M30_BM_010_0034.jpg,0.4959349593495935,1.1257142857142857,21,-27,-36,332,353,155,128,191,bad
20201203_General_074_DOS_A_M30_BM_010_0035.jpg,0.5126050420168067,1.119318181818182,18,-28,-34,335,353,158,130,192,bad
20201203_General_074_DOS_A_M30_BM_011_0033.jpg,0.5675675675675675,1.0100502512562817,29,8,-60,329,358,125,133,185,bad
20201203_General_074_DOS_A_M30_BM_011_0034.jpg,0.5225225225225225,0.98989898989899,24,27,-72,336,360,133,160,205,bad
20201203_General_074_DOS_A_M30_BM_011_0035.jpg,0.5045045045045045,0.9897959183673468,18,19,-72,337,355,135,154,207,bad
20201203_General_074_DOS_A_M30_BM_011_0036.jpg,0.5436893203883495,0.9597989949748744,27,28,-82,333,360,119,147,201,bad
20201203_General_074_DOS_A_M30_BM_011_0037.jpg,0.4862385321100917,1.0211640211640212,27,20,-75,331,358,128,148,203,bad
20201203_General_074_DOS_A_M30_BM_011_0038.jpg,0.4954128440366973,1.0,23,20,-71,334,357,132,152,203,bad
20201203_General_074_DOS_A_M30_BM_011_0039.jpg,0.5045045045045045,1.0,21,22,-67,334,355,132,154,199,bad
20201203_General_074_DOS_A_M30_BM_011_0040.jpg,0.5137614678899083,0.984375,21,19,-66,331,352,131,150,197,bad
20201203_General_074_DOS_A_M30_BM_011_0041.jpg,0.5185185185185185,0.984375,23,18,-64,333,356,131,149,195,bad
20201203_General_074_DOS_A_M30_BM_011_0042.jpg,0.5233644859813084,0.964467005076142,25,18,-70,331,356,129,147,199,bad
20201203_General_074_DOS_A_M30_BM_011_0043.jpg,0.5420560747663551,0.9543147208121828,20,18,-65,334,354,130,148,195,bad
20201203_General_074_DOS_A_M30_BM_011_0047.jpg,0.5321100917431193,0.9692307692307692,23,16,-63,331,354,133,149,196,bad
20201203_General_074_DOS_A_M30_BM_011_0049.jpg,0.5370370370370371,1.0052631578947369,23,14,-62,328,351,135,149,197,bad
20201203_General_074_DOS_A_M30_BM_011_0050.jpg,0.5137614678899083,0.9895833333333334,23,13,-61,328,351,134,147,195,bad
20201203_General_074_DOS_A_M30_BM_011_0051.jpg,0.5,0.9948186528497408,18,12,-59,331,349,137,149,196,bad
20201203_General_074_DOS_A_M30_BM_011_0052.jpg,0.4642857142857143,1.015625,16,12,-58,331,347,136,148,194,bad
20201203_General_074_DOS_A_M30_BM_011_0053.jpg,0.4684684684684684,1.0372340425531914,14,11,-55,329,343,137,148,192,bad
20201203_General_074_DOS_A_M30_BM_011_0054.jpg,0.5,1.005181347150259,15,13,-58,331,346,135,148,193,bad
20201203_General_074_DOS_A_M30_BM_011_0055.jpg,0.5,0.9897959183673468,16,13,-60,331,347,134,147,194,bad
20201203_General_074_DOS_A_M30_BM_011_0056.jpg,0.4907407407407407,1.0,16,13,-60,331,347,134,147,194,bad
20201203_General_074_DOS_A_M30_BM_011_0057.jpg,0.490566037735849,0.9948717948717948,19,15,-60,328,347,132,147,192,bad
20201203_General_074_DOS_A_M30_BM_011_0058.jpg,0.5137614678899083,0.9895833333333334,20,14,-58,328,348,134,148,192,bad
20201203_General_074_DOS_A_M30_BM_011_0059.jpg,0.5504587155963303,0.9947089947089948,20,12,-57,328,348,136,148,193,bad
20201203_General_074_DOS_A_M30_BM_012_0010.jpg,0.396551724137931,0.8995215311004785,15,19,-60,325,340,131,150,191,bad
20201203_General_074_DOS_A_M30_BM_012_0011.jpg,0.4369747899159664,0.93,21,20,-60,324,345,141,161,201,bad
20201203_General_074_DOS_A_M30_BM_012_0012.jpg,0.4426229508196721,0.9587628865979382,20,21,-63,327,347,140,161,203,bad
20201203_General_074_DOS_A_M30_BM_012_0013.jpg,0.4462809917355372,0.9790575916230366,20,23,-66,328,348,143,166,209,bad
20201203_General_074_DOS_A_M30_BM_012_0014.jpg,0.4833333333333333,0.9536082474226804,21,25,-67,327,348,140,165,207,bad
20201203_General_074_DOS_A_M30_BM_012_0015.jpg,0.4789915966386555,0.9685863874345548,21,26,-68,328,349,142,168,210,bad
20201203_General_074_DOS_A_M30_BM_012_0016.jpg,0.5126050420168067,0.9533678756476685,22,26,-69,328,350,140,166,209,bad
20201203_General_074_DOS_A_M30_BM_012_0017.jpg,0.5405405405405406,0.9585492227979274,22,26,-69,328,350,140,166,209,bad
20201203_General_074_DOS_A_M30_BM_013_0014.jpg,0.6160714285714286,1.033112582781457,42,23,-34,318,360,201,224,235,bad
20201203_General_074_DOS_A_M30_BM_013_0015.jpg,0.4521739130434782,1.051282051282051,36,31,-10,307,343,198,229,208,bad
20201203_General_074_DOS_A_M30_BM_013_0016.jpg,0.475,1.103896103896104,29,27,8,312,341,209,236,201,bad
20201203_General_074_DOS_A_M30_BM_013_0017.jpg,0.4732142857142857,1.1146496815286624,27,20,1,314,341,202,222,201,bad
20201203_General_074_DOS_A_M30_BM_013_0018.jpg,0.4732142857142857,1.11875,23,16,3,311,334,201,217,198,bad
20201203_General_074_DOS_A_M30_BM_013_0019.jpg,0.4454545454545454,1.0914634146341464,21,19,1,311,332,196,215,195,bad
20201203_General_074_DOS_A_M30_BM_013_0020.jpg,0.4678899082568807,1.079268292682927,26,16,-6,311,337,191,207,197,bad
20201203_General_074_DOS_A_M30_BM_013_0021.jpg,0.4622641509433962,1.0718562874251496,25,13,-8,310,335,188,201,196,bad
20201203_General_074_DOS_A_M30_BM_013_0023.jpg,0.4528301886792453,1.0718562874251496,26,9,-12,310,336,185,194,197,bad
20201203_General_074_DOS_A_M30_BM_013_0024.jpg,0.4766355140186916,1.0532544378698223,28,11,-11,309,337,186,197,197,bad
20201203_General_074_DOS_A_M30_BM_017_0011.jpg,0.2232142857142857,1.015075376884422,9,32,-58,338,347,142,174,200,bad
20201203_General_074_DOS_A_M30_BM_024_0015.jpg,1.0588235294117647,1.0648648648648649,-37,-51,13,339,302,177,126,164,bad
20201203_General_074_DOS_A_M30_BM_024_0016.jpg,0.6226415094339622,1.1470588235294117,-37,-42,7,320,283,159,117,152,bad
20201203_General_074_DOS_A_M30_BM_024_0023.jpg,0.6132075471698113,1.152941176470588,-31,-33,12,322,291,163,130,151,bad
20201203_General_074_DOS_A_M30_BM_025_0017.jpg,0.4188034188034188,1.2578616352201255,28,8,-43,330,358,172,180,215,bad
20201203_General_074_DOS_A_M30_BM_025_0022.jpg,0.4036697247706422,1.1437125748502994,22,7,-37,327,349,174,181,211,bad
20201203_General_074_DOS_A_M30_BM_026_0022.jpg,0.376068376068376,1.0546448087431697,21,33,-57,315,336,141,174,198,bad
20201203_General_074_DOS_A_M30_BM_026_0023.jpg,0.3553719008264462,1.005464480874317,14,34,-45,312,326,142,176,187,bad
20201203_General_074_DOS_A_M30_BM_026_0024.jpg,0.358974358974359,1.0053475935828875,15,33,-58,312,327,140,173,198,bad
20201203_General_074_DOS_A_M30_BM_026_0025.jpg,0.358974358974359,0.9947643979057592,16,30,-57,312,328,141,171,198,bad
20201203_General_074_DOS_A_M30_BM_038_0013.jpg,0.5045045045045045,0.941747572815534,5,-15,-45,320,325,129,114,174,bad
20201203_General_074_DOS_A_M30_BM_038_0014.jpg,0.5670103092783505,1.0259067357512954,-9,9,-31,331,322,155,164,186,bad
20201203_General_074_DOS_A_M30_BM_038_0015.jpg,0.5229357798165137,1.0151515151515151,2,15,-54,329,331,122,137,176,bad
20201203_General_074_DOS_A_M30_BM_038_0016.jpg,0.4910714285714285,0.9901477832512317,0,22,-61,328,328,111,133,172,bad
20201203_General_074_DOS_A_M30_BM_038_0017.jpg,0.5,0.9476190476190476,4,8,-59,328,332,116,124,175,bad
20201203_General_074_DOS_A_M30_BM_038_0018.jpg,0.5436893203883495,0.975609756097561,5,7,-56,329,334,126,133,182,bad
20201203_General_074_DOS_A_M30_BM_038_0019.jpg,0.5882352941176471,1.0100502512562817,4,17,-49,327,331,129,146,178,bad
20201203_General_074_DOS_A_M30_BM_038_0020.jpg,0.5841584158415841,1.02020202020202,1,14,-46,330,331,132,146,178,bad
20201203_General_074_DOS_A_M30_BM_038_0021.jpg,0.5700934579439252,1.046875,1,15,-45,328,329,130,145,175,bad
20201203_General_074_DOS_A_M30_BM_038_0022.jpg,0.5740740740740741,1.0634920634920637,0,12,-40,325,325,132,144,172,bad
20201203_General_074_DOS_A_M30_BM_038_0023.jpg,0.5596330275229358,1.068421052631579,-3,11,-35,330,327,138,149,173,bad
20201203_General_074_DOS_A_M30_BM_038_0024.jpg,0.5714285714285714,1.0625,-4,9,-35,330,326,137,146,172,bad
20201203_General_074_DOS_A_M30_BM_039_0015.jpg,0.4571428571428571,1.0698924731182795,3,-17,-32,339,342,157,140,189,bad
20201203_General_074_DOS_A_M30_BM_039_0021.jpg,0.5631067961165048,1.0494505494505495,3,-11,-33,334,337,154,143,187,bad
20201203_General_074_DOS_A_M30_BM_039_0024.jpg,0.5922330097087378,1.027027027027027,9,-16,-35,331,340,154,138,189,bad
20201203_General_074_DOS_A_M30_BM_039_0027.jpg,0.5631067961165048,1.0106382978723405,8,-19,-33,331,339,151,132,184,bad
20201203_General_074_DOS_A_M30_BM_040_0015.jpg,0.4262295081967213,1.074866310160428,26,-6,-41,312,338,139,133,180,bad
20201203_General_074_DOS_A_M30_BM_048_0015.jpg,0.4715447154471545,1.0101522842639594,11,14,-43,330,341,119,133,162,bad
20201203_General_074_DOS_A_M30_BM_048_0016.jpg,0.5663716814159292,0.9605911330049262,-5,27,-53,330,325,95,122,148,bad
20201203_General_074_DOS_A_M30_BM_048_0017.jpg,0.6170212765957447,0.8868778280542986,7,37,-67,322,329,82,119,149,bad
20201203_General_074_DOS_A_M30_BM_048_0018.jpg,0.6086956521739131,0.8716814159292036,12,38,-74,322,334,78,116,152,bad
20201203_General_074_DOS_A_M30_BM_048_0019.jpg,0.6222222222222222,0.9605911330049262,9,39,-69,303,312,80,119,149,bad
20201203_General_074_DOS_A_M30_BM_048_0020.jpg,0.5656565656565656,0.9065420560747663,19,34,-77,320,339,91,125,168,bad
20201203_General_074_DOS_A_M30_BM_048_0021.jpg,0.5436893203883495,0.9027777777777778,17,36,-77,323,340,92,128,169,bad
20201203_General_074_DOS_A_M30_BM_048_0022.jpg,0.54,0.9302325581395348,9,33,-70,336,345,104,137,174,bad
20201203_General_074_DOS_A_M30_BM_048_0023.jpg,0.4901960784313725,0.91324200913242,18,36,-76,332,350,99,135,175,bad
20201203_General_074_DOS_A_M30_BM_048_0024.jpg,0.4807692307692308,0.933649289099526,17,35,-75,326,343,95,130,170,bad
20201203_General_074_DOS_A_M30_BM_048_0025.jpg,0.4901960784313725,0.933649289099526,16,32,-70,320,336,96,128,166,bad
20201203_General_074_DOS_A_M30_BM_048_0026.jpg,0.4952380952380952,0.9389671361502347,12,31,-68,340,352,110,141,178,bad
20201203_General_074_DOS_A_M30_BM_048_0027.jpg,0.5096153846153846,0.933649289099526,8,30,-65,340,348,110,140,175,bad
20201203_General_074_DOS_A_M30_BM_048_0028.jpg,0.4903846153846153,0.9255813953488372,9,24,-65,336,345,108,132,173,bad
20201203_General_074_DOS_A_M30_BM_048_0029.jpg,0.4951456310679611,0.9569377990430622,8,24,-62,336,344,112,136,174,bad
